1 0 0.0638444317708
2 1 0.0603052970684
3 2 0.0571080088572
4 3 0.0562138351763
5 4 0.0525315479493
6 5 0.0528791765377
7 6 0.0485937453458
8 7 0.0496528036111
9 8 0.0482877040399
10 9 0.0511550568956
11 10 0.0546428136538
12 11 0.0562413559996
13 12 0.0569852795398
14 13 0.0617361607132
15 14 0.0615957984356
16 15 0.0554514420345
17 16 0.05113871922
18 17 0.050186270643
19 18 0.0471092709274
20 19 0.0497559558016
21 20 0.0461218749073
22 21 0.0491668190376
23 22 0.0487153985679
24 23 0.0522351030694
25 24 0.0523773863989
26 25 0.0559547828517
27 26 0.0589124990636
28 27 0.0616681061377
29 28 0.0602185958047
30 29 0.0583715843494
31 30 0.0607725312609
32 31 0.061475808035
33 32 0.0599230884131
34 33 0.0623215961708
35 34 0.0616911674866
36 35 0.066126088557
37 36 0.067335377586
38 37 0.0727996732967
39 38 0.0751819861977
40 39 0.0758907505448
41 40 0.0801778151409
42 41 0.0829028642576
43 42 0.0831720922624
44 43 0.0803119704532
45 44 0.0754530053229
46 45 0.0713781180687
47 46 0.0676948508696
48 47 0.0693771793378
49 48 0.065476585682
50 49 0.0595060846015
51 50 0.058511530516
52 51 0.0541339099084
53 52 0.0542840274845
54 53 0.0520767988033
55 54 0.0508458881903
56 55 0.0508292289152
57 56 0.0474296292817
58 57 0.0435711013042
59 58 0.0446295981572
60 59 0.047498128585
61 60 0.0442603510996
62 61 0.0469401913185
63 62 0.0460660564524
64 63 0.0512255848663
65 64 0.0507090695323
66 65 0.0558101577501
67 66 0.0587532841399
68 67 0.0635802962482
69 68 0.0687986425082
70 69 0.0716576232664
71 70 0.0776911590394
72 71 0.0819161158736
73 72 0.0801195045036
74 73 5.67115164878
75 74 4.83761269681
76 75 4.43773456786
77 76 6.53817920932
78 77 4.03319493013
79 78 3.47158099344
80 79 0.0758939946954
81 80 0.0703606935469
82 81 0.0711313542438
83 82 0.068832175035
84 83 0.067958788209
85 84 0.068263381318
86 85 0.0640079444227
87 86 0.0651008035485
88 87 0.0615647847059
89 88 0.0648896412935
90 89 0.0630714170836
91 90 0.0677877842545
92 91 0.0719120489332
93 92 0.0691885691305
94 93 0.067397752402
95 94 0.0640486914812
96 95 0.065134794859
97 96 0.0627978213263
98 97 0.0651507209384
99 98 0.0611649427741
100 99 0.0618475029405
101 100 0.0627980894956
102 101 0.0610107663867
103 102 0.064550685876
104 103 0.0604544541674
105 104 0.0605553339164
106 105 0.0554888436344
107 106 0.0547032107081
108 107 0.0582216808203
109 108 0.0562352465055
110 109 0.0598761049503
111 110 0.059294873077
112 111 0.0624745148502
113 112 0.0629809485086
114 113 0.0638854132252
115 114 0.0640800980752
116 115 0.068496218313
117 116 0.0728817295907
118 117 0.0777783201349
119 118 0.082146553906
120 119 0.0839302668508
121 120 0.0790805902725
122 121 0.076797834389
123 122 0.0726317873349
124 123 0.0697767445812
125 124 0.0669263060139
126 125 0.0645523995209
127 126 0.0634352964351
128 127 0.0588822579824
129 128 0.0596353543305
130 129 0.0546448566324
131 130 0.0530822630033
132 131 0.0487604833019
133 132 0.0448787876825
134 133 0.0468818491718
135 134 0.0495638072076
136 135 0.0552235484881
137 136 0.0596279176137
138 137 0.0657779833189
139 138 0.0681232454755
140 139 0.0731231357838
141 140 0.0719028848414
142 141 0.0753252254205
143 142 0.0740392198257
144 143 0.0767022626585
145 144 0.0767282571718
146 145 0.0780910376435
147 146 0.079713860008
148 147 0.0779242378264
149 148 0.0823670904248
150 149 0.0806369234811
151 150 0.0848145765543
152 151 0.083555684173
153 152 0.0854119523697
154 153 0.0833435729795
155 154 0.082995948069
156 155 0.081249895357
157 156 0.0809615350849
158 157 0.0777319273448
159 158 0.0745255734696
160 159 0.0692096553132
161 160 0.0698905985992
162 161 0.0701951490194
163 162 0.0682468446938
164 163 0.0627473308965
165 164 0.0607514742332
166 165 0.0633528918722
167 166 0.0681566506149
168 167 0.0701754534115
169 168 0.0735376844693
170 169 0.0761007668992
171 170 0.078898411071
172 171 0.0819710744641
173 172 0.0821735457377
174 173 0.087510601117
175 174 0.088320582796
176 175 0.0904966723279
177 176 0.0870732087631
178 177 0.0844747095649
179 178 0.0808467858267
180 179 0.0762844073854
181 180 0.0720221758572
182 181 0.0735518640036
183 182 0.0705806519322
184 183 0.0697051760625
185 184 0.069742804532
186 185 0.0684818683819
187 186 0.0686921900553
188 187 0.0687761510513
189 188 0.0745773123982
190 189 0.0719618961218
191 190 0.0697042521652
192 191 0.0734540330259
193 192 0.0705162002024
194 193 0.0652840455361
195 194 0.0659962453872
196 195 0.0624059756117
197 196 0.063705756223
198 197 0.0628005288803
199 198 0.065611557171
200 199 0.0675579204247
201 200 0.0709949938332
202 201 0.0755675494284
203 202 0.076670915614
204 203 0.0802252712918
205 204 0.0807666391489
206 205 0.0793627312443
207 206 0.0782686210963
208 207 0.0785732227948
209 208 0.0802819906807
210 209 0.0765574584492
211 210 0.0721859214147
212 211 0.0718908999373
213 212 0.0675379949544
214 213 0.0681926544687
215 214 0.0639972175584
216 215 0.0634309602075
217 216 0.0610409306572
218 217 0.0576606275592
219 218 0.0550435580784
220 219 0.0559790555236
221 220 0.0589300686159
222 221 0.0567742302527
223 222 0.0596978205335
224 223 0.060152504155
225 224 0.0613376260953
226 225 0.0668850303228
227 226 0.0674746369409
228 227 0.0684875048751
229 228 0.0669535923477
230 229 0.0686049867642
231 230 0.0689609563731
232 231 0.0693454188782
233 232 0.0725012771418
234 233 0.0711563696359
235 234 0.0740307334085
236 235 0.0740752025722
237 236 0.075680859131
238 237 0.0729990266162
239 238 0.0731637713581
240 239 0.07152487497
241 240 0.0761775444748
242 241 0.076586248562
243 242 0.0803585706058
244 243 0.0851303721615
245 244 0.0871024455877
246 245 0.0871789840275
247 246 0.083278993687
248 247 0.0835955309117
249 248 0.079218191208
250 249 0.0781837833197
251 250 0.0739732486219
252 251 0.072003967975
253 252 0.0680451091771
254 253 0.0658578986731
255 254 0.064720372785
256 255 0.062157639463
257 256 0.0660584817303
258 257 0.0697549383032
259 258 0.0713380031844
260 259 0.0738750438844
261 260 0.0768606675895
262 261 0.0779110206331
263 262 0.0830587065982
264 263 0.0840051072269
265 264 0.0803604794883
266 265 0.0833317869798
267 266 0.0845473001265
268 267 0.0871929108684
269 268 0.085315388391
270 269 0.0868520825575
271 270 0.0830487908728
272 271 0.0826789998231
273 272 0.0791174827165
274 273 0.0763302055509
275 274 0.0752043259855
276 275 0.0771437622018
277 276 0.0759608770966
278 277 0.0765771885038
279 278 0.0747370839978
280 279 0.0739106713478
281 280 0.0743793222184
282 281 0.0711787123344
283 282 0.0760807292644
284 283 0.0778312845353
285 284 0.072715678316
286 285 0.0721279253249
287 286 0.0773343469896
288 287 0.0761064657775
289 288 0.07390241352
290 289 4.12249822596
291 290 4.40037194005
292 291 0.0706323670399
293 292 0.0662050336322
294 293 0.0627645614569
295 294 0.0585552498929
296 295 0.0609572879097
297 296 0.060847409995
298 297 0.0558307951803
299 298 0.0549943175308
300 299 0.0595467650413
301 300 0.0606141643595
302 301 0.0645183125821
303 302 0.0670642336413
304 303 0.0705653707491
305 304 0.0742613261661
306 305 0.0762710726927
307 306 0.080593657402
308 307 0.0818457026018
309 308 0.0866998579689
310 309 0.0877143268745
311 310 0.0919950414768
312 311 0.0932831715286
313 312 0.0928664777864
314 313 0.0926791448457
315 314 0.0877828908758
316 315 0.0844754065466
317 316 0.0793820011957
318 317 0.0769492523459
319 318 0.0721370293095
320 319 0.0693481817947
321 320 0.0651173935222
322 321 0.0635489774933
323 322 0.0593975411789
324 323 0.059126374049
325 324 0.0558981516819
326 325 0.0570542359413
327 326 0.0526609651402
328 327 0.0510362744803
329 328 0.0473832746779
330 329 0.0471088761292
331 330 0.042533497487
332 331 0.0410738502987
333 332 0.0374024911531
334 333 0.0367577502408
335 334 0.0351740901596
336 335 0.0366283882728
337 336 0.0329137383333
338 337 0.0320989297185
339 338 0.0338120646341
340 339 0.0373121250762
341 340 0.0375232307639
342 341 0.0359601346602
343 342 0.0370221247843
344 343 0.0396640055065
345 344 0.0392191769028
346 345 0.0350070103276
347 346 0.0325687902586
348 347 0.0313144186027
349 348 0.0284913130713
350 349 0.0292651553486
351 350 0.0288090987761
352 351 0.0308497375365
353 352 0.0331945095594
354 353 0.035568020853
355 354 0.0395688652832
356 355 0.0437795915281
357 356 0.0477410909218
358 357 0.0485302477766
359 358 0.0444888768739
360 359 0.0418275404757
361 360 0.0378679614962
362 361 0.0376540443348
363 362 0.0344566302816
364 363 0.032729890206
365 364 0.0337371513458
366 365 0.0327207139841
367 366 0.032737714231
368 367 0.0344049144
369 368 0.0362232079013
370 369 0.0400137757635
371 370 0.0431689843119
372 371 0.0415813774664
373 372 0.0391682521165
374 373 0.0376901621511
375 374 0.0348991428241
376 375 0.0326140331618
377 376 0.0294635143627
378 377 0.0289093969179
379 378 0.0293914469383
380 379 0.0285564976936
381 380 0.0313312226608
382 381 0.0316125135038
383 382 0.0327567980099
384 383 0.0294853357937
385 384 0.0274765813008
386 385 0.0265406702076
387 386 0.0291369890949
388 387 0.0304894008405
389 388 0.0341530404604
390 389 0.0362117262693
391 390 0.039112001288
392 391 0.0428171952431
393 392 0.0433412532688
394 393 0.0454301825504
395 394 0.0468847663811
396 395 0.0466753425742
397 396 0.0438417007145
398 397 0.0404072365186
399 398 0.0404471167861
400 399 0.0375316094502
401 400 0.0379780882072
402 401 0.0356848654444
403 402 0.0373660556447
404 403 0.0365511123787
405 404 0.0373685261236
406 405 0.0381803075732
407 406 0.0401087343897
408 407 0.0441704120308
409 408 0.045146960161
410 409 0.0474135552844
411 410 0.0457969922068
412 411 0.0487820363542
413 412 0.0477109711343
414 413 0.0430645307762
415 414 0.0416884779734
416 415 0.0406305843506
417 416 0.0395602462826
418 417 0.0397997977832
419 418 0.0389121237497
420 419 0.0405799628527
421 420 0.038822390249
422 421 0.0419127775686
423 422 0.0420353218543
424 423 0.0421745390479
425 424 0.0467186218991
426 425 0.0471435318797
427 426 0.0522356942267
428 427 0.0547072970214
429 428 0.0525382442736
430 429 0.0505351901302
431 430 0.0460081840745
432 431 0.0434321703924
433 432 0.0391258287741
434 433 0.0355619221513
435 434 0.0316788005935
436 435 0.0287281506277
437 436 0.0257957674231
438 437 0.0233375134361
439 438 0.0221917889868
440 439 0.0232752789724
441 440 0.0234592847924
442 441 0.025563682236
443 442 0.02438668706
444 443 0.0269025082966
445 444 0.0277687028297
446 445 0.0278580009946
447 446 0.024993259463
448 447 0.0220256659023
449 448 0.0208781025424
450 449 0.0213856606158
451 450 0.0235898247633
452 451 0.025847080572
453 452 0.0295271023653
454 453 0.0314972462196
455 454 0.0356225500676
456 455 0.0385869697823
457 456 0.04307447837
458 457 0.0474247235312
459 458 0.0482329501886
460 459 0.0515269044413
461 460 0.0497746569806
462 461 0.0451495198843
463 462 0.0468329643009
464 463 0.0488908889593
465 464 0.0443308557422
466 465 0.0428868389733
467 466 0.039570320848
468 467 0.0367364810695
469 468 0.037315879084
470 469 0.0336425441242
471 470 0.0348926821714
472 471 0.0329609144173
473 472 0.0359862439249
474 473 0.0357897959588
475 474 0.0397433588063
476 475 0.0430562693364
477 476 0.0428444779781
478 477 0.0403219884592
479 478 0.0362096076097
480 479 0.0337798134987
481 480 0.0351969859104
482 481 0.0342323876202
483 482 0.0347802992515
484 483 0.0328192573875
485 484 0.0354601495991
486 485 0.0368629151923
487 486 0.0393666258145
488 487 0.0427696143124
489 488 0.0417335089893
490 489 0.0371707168674
491 490 0.0356093212528
492 491 0.0316098298786
493 492 0.0298301424071
494 493 0.0260091271723
495 494 0.0249065172609
496 495 0.0225912239925
497 496 0.0230158801471
498 497 0.0234544680532
499 498 0.0247615609677
500 499 0.0282556197753
501 500 0.0318234382777
502 501 0.0325247236737
503 502 0.0302287896843
504 503 0.0322769691494
505 504 0.0334463221181
506 505 0.0315958523354
507 506 0.0311238021761
508 507 0.032240297409
509 508 0.0311190926176
510 509 0.0346731961939
511 510 0.0349284536265
512 511 0.0391191760403
513 512 0.041993782017
514 513 0.0471903299086
515 514 0.0507958110093
516 515 0.0555265202701
517 516 0.054742168695
518 517 0.0553186365229
519 518 0.0600001146481
520 519 0.0620140205947
521 520 0.06018303778
522 521 0.0560852100964
523 522 0.0509748198755
524 523 0.047322920235
525 524 0.0428612167344
526 525 0.0396483182834
527 526 0.0357032032088
528 527 0.0337610001326
529 528 0.0302599186386
530 529 0.0300381460679
531 530 0.0272529084828
532 531 0.0283775779096
533 532 0.027424182924
534 533 0.0292996418319
535 534 0.0329423653128
536 535 0.0351360775114
537 536 0.0380085747454
538 537 0.0379401997882
539 538 0.041600899156
540 539 0.043214919296
541 540 0.0472480623873
542 541 0.0483710896314
543 542 0.0523059416336
544 543 0.0538588643776
545 544 0.0584425229435
546 545 0.0624009167565
547 546 0.0652848844604
548 547 0.06385379436
549 548 0.0606846224053
550 549 0.0645412094248
551 550 0.0647445476962
552 551 0.0634575121452
553 552 0.0659232247748
554 553 0.07027889047
555 554 0.0729852784005
556 555 0.0762361777344
557 556 0.0743888728799
558 557 0.0742081930626
559 558 0.0690998176696
560 559 0.0669950879861
561 560 0.0623683469813
562 561 0.0594907631349
563 562 0.0568360075134
564 563 0.0530074870492
565 564 0.0515360931585
566 565 0.050738681333
567 566 0.0551872449557
568 567 0.0586061814947
569 568 0.0559000361728
570 569 0.0593048489741
571 570 0.0582566727577
572 571 0.060538892885
573 572 0.0606501032344
574 573 0.0620152949039
575 574 0.0621763668305
576 575 0.0621536377211
577 576 0.0628793061905
578 577 0.0590510095482
579 578 0.0623586379135
580 579 0.0622793805842
581 580 0.0575019152605
582 581 0.0563198121337
583 582 0.0598555787402
584 583 0.0574973080024
585 584 0.0546956574995
586 585 0.0532218299576
587 586 0.0546894060398
588 587 0.0514915592275
589 588 0.050255825157
590 589 0.0453465512341
591 590 0.0420241775356
592 591 0.0397605610059
593 592 0.0441040415105
594 593 0.0446567708639
595 594 0.0405101091407
596 595 0.0421678827906
597 596 0.0464101908645
598 597 0.0437517869863
599 598 0.0410519773604
600 599 0.045494498851
601 600 0.0477237914659
602 601 0.0436667075349
603 602 0.0446718041961
604 603 0.0442118571524
605 604 0.0429982948059
606 605 0.0396105742751
607 606 0.0351377986177
608 607 0.0342747728913
609 608 0.0363839144492
610 609 0.0410979539632
611 610 0.0448285646516
612 611 0.0460454189442
613 612 0.0455512033091
614 613 0.0476737664992
615 614 0.0464975347254
616 615 0.0416772161502
617 616 0.043666451783
618 617 0.046973041715
619 618 0.043274974369
620 619 0.0403768744893
621 620 0.0445927617683
622 621 0.0459925601509
623 622 0.050587029168
624 623 0.0501674345694
625 624 0.0552565386085
626 625 0.0567213943291
627 626 0.0614245463861
628 627 0.0625331111233
629 628 0.0626376227158
630 629 0.0571831148197
631 630 0.0560470342864
632 631 0.0539361908091
633 632 0.0573674210653
634 633 0.0604052033131
635 634 0.0581592684143
636 635 0.0630136165309
637 636 0.0600592995235
638 637 0.0576860225001
639 638 0.0545529735082
640 639 0.0514762669465
641 640 0.0523738636614
642 641 0.053456144368
643 642 0.049592106178
644 643 4.64760934632
645 644 7.07828449994
