650 0 5.31536140545
651 1 7.10994483173
652 2 6.60174339775
653 3 6.77429834905
654 4 6.50657512774
655 5 6.88553823418
656 6 7.37805521448
657 7 7.25153889178
658 8 7.62479372674
659 9 8.12584744597
660 10 8.38505215003
661 11 8.42293384178
662 12 8.97015769003
663 13 9.54259963199
664 14 10.0107917573
665 15 10.5443369283
666 16 10.3948412117
667 17 10.581779134
668 18 10.1099902489
669 19 9.26598077117
670 20 9.56117658785
671 21 9.97282592862
672 22 9.1922393885
673 23 8.63729346257
674 24 9.37660132098
675 25 9.46817294243
676 26 8.53057135176
677 27 8.70789113397
678 28 9.1907268299
679 29 10.467047067
680 30 11.4719961686
681 31 12.3564372905
682 32 11.8460155323
683 33 12.0474095678
684 34 11.5386639118
685 35 10.9767967567
686 36 12.1321161811
687 37 12.7197289386
688 38 11.8515882193
689 39 12.1705842103
690 40 13.2570215522
691 41 13.0106879387
692 42 12.1674415765
693 43 12.6727336731
694 44 12.2821056307
695 45 12.5609670282
696 46 12.6548803578
697 47 11.9811308743
698 48 11.2329235036
699 49 11.5468888583
700 50 11.4322850164
701 51 10.3972428691
702 52 10.1971768739
703 53 10.6135605774
704 54 10.1054019313
705 55 9.15695074355
706 56 9.19712372954
707 57 9.61223787653
708 58 8.81311175904
709 59 8.19146924949
710 60 8.7316765217
711 61 8.71309231187
712 62 7.8738389455
713 63 7.71261592963
714 64 8.41877129568
715 65 7.9662270858
716 66 7.46960871171
717 67 8.02335608939
718 68 8.20196678469
719 69 7.68169438425
720 70 8.13701936202
721 71 9.83912840105
722 72 11.0961671067
723 73 10.4794274313
724 74 10.3818704679
725 75 9.01818097588
726 76 8.96263612688
727 77 7.45731661596
728 78 4.47888701275
729 79 0.104209898466
730 80 0.101030640393
731 81 0.0971371283784
732 82 0.0976069184971
733 83 0.0934098881765
734 84 0.0896321258697
735 85 0.0847396275699
736 86 0.0836978769314
737 87 0.0791889465411
738 88 0.0753657973514
739 89 0.0762397554995
740 90 0.0719100715144
741 91 0.0741325091612
742 92 0.0730131138766
743 93 0.0731870588691
744 94 0.0747090641479
745 95 0.0707322646226
746 96 0.0714775699616
747 97 0.0721803338476
748 98 0.0684125292216
749 99 0.0694190036884
750 100 0.0680050987292
751 101 0.068550813887
752 102 0.069242198557
753 103 0.0668255779852
754 104 0.0657688337763
755 105 0.0635374118501
756 106 0.0614088827072
757 107 0.0648405618657
758 108 0.0645114078374
759 109 0.062459435302
760 110 0.0566603252343
761 111 0.0550680569736
762 112 0.0493207907443
763 113 0.0484138137331
764 114 0.0516666637497
765 115 0.0564363796646
766 116 0.0590614247198
767 117 0.0630184802783
768 118 0.0659832232266
769 119 0.0677548482258
770 120 0.071432083198
771 121 0.071834746413
772 122 0.0740805473458
773 123 0.070738209504
774 124 0.0731922382633
775 125 0.0757784006191
776 126 0.0727994484452
777 127 0.0703725513719
778 128 0.0661300470127
779 129 0.061322002409
780 130 0.0607604051981
781 131 0.056845296166
782 132 0.056961270952
783 133 0.054542501288
784 134 0.0538761833333
785 135 0.0527703174797
786 136 0.0524047344799
787 137 0.0534276158038
788 138 0.0523222689423
789 139 0.0533068950307
790 140 0.048405684292
791 141 0.0444953475747
792 142 0.0471435432325
793 143 0.0480648259647
794 144 0.0456553860595
795 145 0.0469234031689
796 146 0.0465260183191
797 147 0.0454915202757
798 148 0.0495689199674
799 149 0.051818794212
800 150 0.0540039429228
801 151 0.0583905470128
802 152 0.0603718403587
803 153 0.0652395865134
804 154 0.0672969527879
805 155 3.39267745989
806 156 3.87883055918
807 157 4.41648992423
808 158 4.39444279817
809 159 4.9324430901
810 160 5.01536057021
811 161 5.86281398378
812 162 5.82754264736
813 163 6.78336088059
814 164 7.25626607629
815 165 7.8280073123
816 166 8.71766243249
817 167 9.03980598969
818 168 9.96927524168
819 169 10.503174901
820 170 10.349532156
821 171 9.49525511553
822 172 8.81734203983
823 173 8.0104947221
824 174 7.31043973485
825 175 6.81759541689
826 176 6.03312158539
827 177 5.69323908365
828 178 4.71913570373
829 179 4.43248556042
830 180 3.57558916291
831 181 3.54908587237
832 182 3.61620170425
833 183 3.90476223623
834 184 3.88118553052
835 185 4.2474835555
836 186 4.37736190974
837 187 4.48384180351
838 188 4.75603703901
839 189 5.64498479507
840 190 5.86899301293
841 191 6.72244086898
842 192 6.70228566467
843 193 7.49438981584
844 194 7.81095965653
845 195 8.62032216612
846 196 9.47466753413
847 197 9.84393545046
848 198 10.700137324
849 199 10.4538092731
850 200 9.82463590177
851 201 9.78548476515
852 202 9.0510536588
853 203 9.04116721633
854 204 9.30514672782
855 205 10.2661957098
856 206 10.9256175414
857 207 11.1927433734
858 208 10.3686479447
859 209 9.42850034885
860 210 8.65638752915
861 211 8.04488307151
862 212 7.63827635883
863 213 7.11660003437
864 214 6.30251087331
865 215 5.62283450219
866 216 4.54967566762
867 217 4.03787324514
868 218 3.52280482946
869 219 3.03501169595
870 220 2.83099289209
871 221 3.38328639061
872 222 4.39763981811
873 223 5.04024378372
874 224 5.96294973655
875 225 6.50534867351
876 226 7.29305223205
877 227 7.9779187048
878 228 8.5355795138
879 229 9.3523235824
880 230 9.7759312558
881 231 10.7807220287
882 232 11.1127329275
883 233 11.0724419781
884 234 10.8363479061
885 235 9.95247314535
886 236 9.57486421383
887 237 8.9479746075
888 238 8.13581366708
889 239 7.74995149601
890 240 7.09716112576
891 241 7.04709782057
892 242 6.37234266096
893 243 6.46248274869
894 244 5.84492140909
895 245 6.22315631159
896 246 6.24349068282
897 247 5.88189428952
898 248 6.51124854138
899 249 5.88731149518
900 250 6.33755769925
901 251 6.01739983116
902 252 6.46372213213
903 253 6.5480664379
904 254 7.47924636617
905 255 7.47155609045
906 256 8.31658265407
907 257 8.40281295856
908 258 9.33122560149
909 259 9.92094140353
910 260 10.6129055249
911 261 10.8635599836
912 262 12.2346000957
913 263 11.1607709739
914 264 11.6512540229
915 265 11.9250415236
916 266 13.0140214106
917 267 13.7706011169
918 268 14.9911908219
919 269 16.137379107
920 270 17.2904098716
921 271 18.2935983381
922 272 18.4907406018
923 273 19.6843509872
924 274 19.9385796012
925 275 20.2713191923
926 276 21.2744872151
927 277 22.3959297363
928 278 23.3858636856
929 279 22.9588147798
930 280 23.458389052
931 281 22.8972246899
932 282 24.2117057006
933 283 24.9304286385
934 284 24.8159505124
935 285 23.558845557
936 286 22.5358966026
937 287 22.4065203925
938 288 21.3136884019
939 289 21.1097978942
940 290 19.7334463121
941 291 19.4233235626
942 292 18.2325135799
943 293 16.9344090489
944 294 16.7053505808
945 295 15.2498617275
946 296 15.574311935
947 297 14.1700570639
948 298 13.429543909
949 299 12.1175159577
950 300 12.2092106446
951 301 11.8395692233
952 302 11.706377278
953 303 12.4220400854
954 304 13.3922267566
955 305 13.9240694348
956 306 15.2318667426
957 307 15.1711550828
958 308 16.5290668717
959 309 16.4992223942
960 310 17.5296919298
961 311 17.5846017136
962 312 16.3857474044
963 313 15.6457384057
964 314 14.3110553466
965 315 13.1060496532
966 316 12.8154224467
967 317 12.1429416404
968 318 11.3459083104
969 319 11.1423325682
970 320 10.821450701
971 321 9.93721188577
972 322 9.36713947984
973 323 9.03546796161
974 324 8.52392190381
975 325 7.42100041852
976 326 7.77254491649
977 327 8.81855433473
978 328 8.47043852462
979 329 8.34567986088
980 330 9.58348523822
981 331 9.98271469862
982 332 9.38758493973
983 333 9.21468017138
984 334 8.28978149459
985 335 7.27537838195
986 336 6.9622127125
987 337 6.18938720148
988 338 6.75699807276
989 339 7.46326744581
990 340 8.20005615539
991 341 7.74631402046
992 342 7.01927312318
993 343 7.82847529772
994 344 8.00217703739
995 345 7.17366306086
996 346 7.96681581771
997 347 9.06931646277
998 348 9.53936796381
999 349 8.96033724935
1000 350 9.33734346379
1001 351 10.5614276686
1002 352 10.515770537
1003 353 9.97815954077
1004 354 10.8409006459
1005 355 11.8436187223
1006 356 11.549842352
1007 357 11.2758952287
1008 358 12.5321947075
1009 359 13.2535588646
1010 360 12.5285697568
1011 361 12.3202098521
1012 362 11.0926792151
1013 363 11.7490046214
1014 364 12.516253694
1015 365 11.6536736653
1016 366 10.6899151852
1017 367 9.84904283689
1018 368 9.06470623734
1019 369 8.97518682713
1020 370 8.69054180641
1021 371 7.65443039575
1022 372 7.47608204038
1023 373 7.88329487516
1024 374 7.31581704588
1025 375 6.40712866358
1026 376 6.70918614443
1027 377 7.10135130169
1028 378 6.18729537782
1029 379 5.75230997648
1030 380 6.49709560782
1031 381 6.61358825188
1032 382 5.73240366869
1033 383 5.85987271468
1034 384 6.75811898781
1035 385 6.55593773443
1036 386 6.21861249071
1037 387 7.0263925448
1038 388 7.55777830492
1039 389 8.17369864701
1040 390 8.90403845567
1041 391 9.19620777967
1042 392 8.69488235805
1043 393 9.08666977374
1044 394 8.40012930178
1045 395 8.254714702
1046 396 7.75985209778
1047 397 6.8411577208
1048 398 6.62573819381
1049 399 7.29785955157
1050 400 7.86324127033
1051 401 8.87074651352
1052 402 9.1453214285
1053 403 9.53014602622
1054 404 10.3277123483
1055 405 10.3038871136
1056 406 9.34991206766
1057 407 9.38124119221
1058 408 10.1778853321
1059 409 9.7594809699
1060 410 8.87388801553
1061 411 9.39262267299
1062 412 9.97880381233
1063 413 9.29910692676
1064 414 8.60566725069
1065 415 9.40023081678
1066 416 9.79496388099
1067 417 8.72686939135
1068 418 8.40339093428
1069 419 8.64754613794
1070 420 8.16285873925
1071 421 7.14172537309
1072 422 6.82082752494
1073 423 7.24207102006
1074 424 7.21030309029
1075 425 8.12499868783
1076 426 8.18265859537
1077 427 7.91976051906
1078 428 8.54577133686
1079 429 9.32426195065
1080 430 9.34543272861
1081 431 9.43651477859
1082 432 10.2340295187
1083 433 10.5725698673
1084 434 10.5047103028
1085 435 10.9341311155
1086 436 11.7966195941
1087 437 12.0005698236
1088 438 11.8158955662
1089 439 11.8226353428
1090 440 12.7183067412
1091 441 13.7208440518
1092 442 14.6515294935
1093 443 15.0715371983
1094 444 14.2521765141
1095 445 13.6561733182
1096 446 12.5286811192
1097 447 12.108641894
1098 448 11.1956389215
1099 449 10.785527007
1100 450 9.77155681759
1101 451 9.4989484817
1102 452 9.91397353151
1103 453 9.35754687431
1104 454 10.362762741
1105 455 11.3168023081
1106 456 11.4166519752
1107 457 12.0395676386
1108 458 12.4626024853
1109 459 15.0348526806
1110 460 14.7596289181
1111 461 17.7692960111
1112 462 14.8418693158
1113 463 15.2543576176
1114 464 14.2067388927
1115 465 14.6675151658
1116 466 14.1375137017
1117 467 13.1158169068
1118 468 13.4815120792
1119 469 13.9810978104
1120 470 13.1284943398
1121 471 12.2332884311
1122 472 12.8116423704
1123 473 13.099095854
1124 474 12.0005887099
1125 475 11.6492432151
1126 476 12.462805189
1127 477 12.188252561
1128 478 11.108680005
1129 479 11.4134945996
1130 480 11.952048782
1131 481 10.9832923163
1132 482 10.5016865077
1133 483 11.4596374174
1134 484 11.135890545
1135 485 10.0514202582
1136 486 10.2190265788
1137 487 11.0749870123
1138 488 10.8679748564
1139 489 10.260424356
1140 490 10.9989519862
1141 491 12.0407850766
1142 492 12.6770526221
1143 493 12.204453491
1144 494 13.1288184736
1145 495 13.8755251449
1146 496 13.2556033291
1147 497 13.3286376425
1148 498 14.4884512756
1149 499 14.5941541311
1150 500 14.0109096224
1151 501 14.6955796492
1152 502 15.6982050293
1153 503 15.3758649242
1154 504 15.2720326234
1155 505 16.3947753299
1156 506 16.9357204227
1157 507 16.400922458
1158 508 16.3034367702
1159 509 17.4411677073
1160 510 17.0290798103
1161 511 16.0596465368
1162 512 16.0317829035
1163 513 15.0205503816
1164 514 15.3175161722
1165 515 14.1467367677
1166 516 14.2457905877
1167 517 15.3551492507
1168 518 14.8200578248
1169 519 13.7402689744
1170 520 14.3180854677
1171 521 15.2269798635
1172 522 14.4275667156
1173 523 13.918460885
1174 524 15.0526206895
1175 525 15.302061426
1176 526 14.3096777976
1177 527 14.897654951
1178 528 16.0151482668
1179 529 16.3869111756
1180 530 16.7136654726
1181 531 17.9632753307
1182 532 19.115917712
1183 533 19.120373077
1184 534 17.8383475908
1185 535 17.8477297725
1186 536 18.7295008257
1187 537 17.9375955517
1188 538 17.0041556351
1189 539 17.8339120025
1190 540 18.4481137945
1191 541 17.315621435
1192 542 17.2116059478
1193 543 17.7025919961
1194 544 18.5441836387
1195 545 18.2118526064
1196 546 17.1636707343
1197 547 16.1593218278
1198 548 15.6953577851
1199 549 15.2752030382
1200 550 14.8792256685
1201 551 14.7373408861
1202 552 13.5150662946
1203 553 13.0183023788
1204 554 13.1815533966
1205 555 12.2577301697
1206 556 12.6124376896
1207 557 13.7978145138
1208 558 13.3096565943
1209 559 12.6641235397
1210 560 13.6897624033
1211 561 14.4904485354
1212 562 13.6741490902
1213 563 13.6890695266
1214 564 14.9623225306
1215 565 15.0077261586
1216 566 14.2348047829
1217 567 15.0576751641
1218 568 16.0644303299
1219 569 15.5323729622
1220 570 15.2340512443
1221 571 16.4851939727
1222 572 16.8478447443
1223 573 17.6805465646
1224 574 17.7659898934
1225 575 18.7281671527
1226 576 18.0727257361
1227 577 17.0582145661
1228 578 17.4856094315
1229 579 17.5838658991
1230 580 16.3909503261
1231 581 15.773688399
1232 582 16.4086517369
1233 583 15.9050525563
1234 584 14.642761809
1235 585 14.7395558092
1236 586 14.8389755171
1237 587 13.907574889
1238 588 12.9966265192
1239 589 12.6438013897
1240 590 11.4592166469
1241 591 11.7520143791
1242 592 12.5802381286
1243 593 11.8767162328
1244 594 11.6262389866
1245 595 10.5521890364
1246 596 9.86659902148
1247 597 9.45970970346
1248 598 10.293529566
1249 599 11.2155737777
1250 600 10.9729116021
1251 601 10.6556248767
1252 602 11.6792296036
1253 603 12.5403991947
1254 604 11.9410584755
1255 605 12.0110277228
1256 606 13.246078194
1257 607 13.7342670816
1258 608 13.1259097641
1259 609 13.5996733527
1260 610 14.788327918
1261 611 14.5950558534
1262 612 14.2349463218
1263 613 15.1722636419
1264 614 16.2039713273
1265 615 17.2779940836
1266 616 17.6419988111
1267 617 17.3109335929
1268 618 18.4617193658
1269 619 19.6856367902
1270 620 19.9270047735
1271 621 20.6144336353
1272 622 20.4530882688
1273 623 20.9578233953
1274 624 20.3650076928
1275 625 20.8204402313
1276 626 20.1690438903
1277 627 20.7957158449
1278 628 19.7592156451
1279 629 20.3643375746
1280 630 19.2053320016
1281 631 19.4943343024
1282 632 20.8680015767
1283 633 20.8801981367
1284 634 21.0588724732
1285 635 19.8230274517
1286 636 20.2527052702
1287 637 19.1337527795
1288 638 19.4778797955
1289 639 18.7012470129
1290 640 18.9366178622
1291 641 18.6430395842
1292 642 17.891894188
1293 643 16.95786654
1294 644 15.7626757435
1295 645 15.909437629
1296 646 17.0812464799
1297 647 16.4126696063
1298 648 16.4695039983
1299 649 15.8959129713
1300 650 16.0622038799
1301 651 15.2309087737
1302 652 15.7082765844
1303 653 14.7679122363
1304 654 16.1480697631
1305 655 16.6651461636
1306 656 18.2636485385
1307 657 19.3207963171
1308 658 19.8770266187
1309 659 20.8440256742
1310 660 20.6186488603
1311 661 21.6035926031
1312 662 21.3802436247
1313 663 22.2500462464
1314 664 22.4433864606
1315 665 21.7492455508
1316 666 20.6206461096
1317 667 20.1951634572
1318 668 19.1465049163
1319 669 18.5888825403
1320 670 18.3259345877
1321 671 17.289315653
1322 672 16.9104839745
1323 673 15.6145913688
1324 674 14.8532644373
1325 675 13.4197314879
1326 676 12.917650277
1327 677 12.0824564255
1328 678 12.7054997038
1329 679 12.1908298681
1330 680 10.9101120046
1331 681 10.6391018348
1332 682 9.98007194234
1333 683 10.4247635543
1334 684 11.0340673095
1335 685 11.1651982522
1336 686 10.5735827772
1337 687 11.0165727155
1338 688 10.5170741852
1339 689 9.86121320674
1340 690 9.64085427488
1341 691 9.13767247605
1342 692 8.93100905852
1343 693 8.46230108362
1344 694 8.25483221859
1345 695 7.92817020591
1346 696 7.91504815391
1347 697 7.72345165473
1348 698 7.49664299422
1349 699 7.61479236073
1350 700 7.5295081507
1351 701 7.39856210862
1352 702 7.19681208798
1353 703 7.0141917551
1354 704 6.83875799744
1355 705 6.58413639141
1356 706 6.64802529982
1357 707 6.47090232346
1358 708 6.65130331131
1359 709 6.95890819414
1360 710 7.17124645778
1361 711 7.08229564235
1362 712 7.28656689917
1363 713 7.36541586371
1364 714 7.5046612412
1365 715 7.81104036445
1366 716 8.04844388998
1367 717 8.51677756875
1368 718 8.83529918259
1369 719 9.3371139854
1370 720 9.72720949596
1371 721 10.4042192431
1372 722 10.6028254315
1373 723 10.9443282248
1374 724 10.4169112526
1375 725 9.73144028893
1376 726 9.47224552509
1377 727 9.10888082481
1378 728 8.71036488571
1379 729 8.64483822462
1380 730 8.36374381765
1381 731 8.16401259866
1382 732 8.3367381868
1383 733 7.95339864098
1384 734 7.9826247465
1385 735 7.51324107676
1386 736 7.62884165119
1387 737 7.33110990556
1388 738 6.86555204248
1389 739 6.93484329036
1390 740 6.72744743023
1391 741 6.71088095303
1392 742 6.50974397318
1393 743 6.357731771
1394 744 6.32311366163
1395 745 6.65169878394
1396 746 6.62708380782
1397 747 6.40976219394
1398 748 6.64873079248
1399 749 6.9432467339
1400 750 6.82432933246
1401 751 6.66273374448
1402 752 6.96399357226
1403 753 7.38172119788
1404 754 7.75206909577
1405 755 7.40428991688
1406 756 7.5703931509
1407 757 7.31522895847
1408 758 7.3036798571
1409 759 7.00588976635
1410 760 6.97976023311
1411 761 7.21640752528
1412 762 7.20033295304
1413 763 7.61004100548
1414 764 7.75403669503
1415 765 8.14063728223
1416 766 8.03406335698
1417 767 7.94799483334
1418 768 8.2079304229
1419 769 7.7731245651
1420 770 7.54603455333
1421 771 7.78643875877
1422 772 7.48349610793
1423 773 7.71023531131
1424 774 7.5189116699
1425 775 7.69496933621
1426 776 7.92859761714
1427 777 8.21684496277
1428 778 8.65991827963
1429 779 8.88731521704
1430 780 9.32460196015
1431 781 9.91471612401
1432 782 10.1612709625
1433 783 9.74605165254
1434 784 9.1953040985
1435 785 8.65173891474
1436 786 8.31006409879
1437 787 7.76888579153
1438 788 7.51480886027
1439 789 7.10393328911
1440 790 6.94547901933
1441 791 6.89013080804
1442 792 6.76503628886
1443 793 6.89108782797
1444 794 6.57416555843
1445 795 6.750066018
1446 796 7.18621866813
1447 797 7.52037587545
1448 798 8.08525494461
1449 799 8.57091132517
1450 800 8.29937533474
1451 801 8.68300332328
1452 802 8.62975546404
1453 803 8.2339911448
1454 804 8.59828221496
1455 805 8.52803521611
1456 806 8.96164042587
1457 807 8.94717956885
1458 808 9.36278365618
1459 809 9.43264788565
1460 810 9.21073068395
1461 811 9.74797622171
1462 812 10.2670961463
1463 813 10.2545392455
1464 814 10.9306260252
1465 815 10.4722213452
1466 816 9.98962866661
1467 817 9.7916191656
1468 818 9.56436711035
1469 819 9.22703728468
1470 820 8.94537168281
1471 821 8.50709530681
1472 822 8.52262264554
1473 823 8.31111567068
1474 824 9.09542082182
1475 825 10.7234578752
1476 826 17.1046041332
1477 827 15.9601597162
1478 828 14.872326684
1479 829 14.6972435323
1480 830 14.5117492004
1481 831 13.8442885809
1482 832 14.4276683181
1483 833 14.168550265
1484 834 13.4003521631
1485 835 13.7072039204
1486 836 13.8360335452
1487 837 13.6346104767
1488 838 13.6027200988
1489 839 12.9225868094
1490 840 12.6108621457
1491 841 12.6519687801
1492 842 12.0431789574
1493 843 11.7948945267
1494 844 12.1012463407
1495 845 11.7657908663
1496 846 11.6177847527
1497 847 12.0557510556
1498 848 12.9093839124
1499 849 12.9560360802
1500 850 13.6502517292
1501 851 13.7338100441
1502 852 14.5628915741
1503 853 14.0775997083
1504 854 14.9109571846
1505 855 14.7404727509
1506 856 15.517473429
1507 857 15.7946573066
1508 858 16.7123881869
1509 859 16.0868543578
1510 860 15.3188506418
1511 861 16.0420470506
1512 862 16.5042354537
1513 863 15.4941140851
1514 864 15.2279054707
1515 865 15.9954953598
1516 866 15.8414966712
1517 867 16.1818818463
1518 868 15.30484122
1519 869 15.0408915426
1520 870 15.3576943514
1521 871 15.1862759421
1522 872 14.8353024765
1523 873 14.626155417
1524 874 14.5452496321
1525 875 14.6421358356
1526 876 15.2391454156
1527 877 15.0945604548
1528 878 16.0627556312
1529 879 15.6864084974
1530 880 15.0043559988
1531 881 14.9509774234
1532 882 14.5373283353
1533 883 14.7418781212
1534 884 14.8841588355
1535 885 13.8005039524
1536 886 13.101889917
1537 887 13.396919946
1538 888 13.8814842766
1539 889 14.2617022057
1540 890 15.1958148823
1541 891 15.1869810147
1542 892 16.1610393937
1543 893 15.8578795051
1544 894 16.0368356873
1545 895 15.8487254175
1546 896 15.768309114
1547 897 15.4425082957
1548 898 15.7998462236
1549 899 16.3432640077
1550 900 16.2837163861
1551 901 16.7404361498
1552 902 16.3895538169
1553 903 17.2768593895
1554 904 16.8813039604
1555 905 17.63335694
1556 906 17.3254393182
1557 907 17.8743357945
1558 908 17.4269741639
1559 909 16.482400491
1560 910 15.294023837
1561 911 14.5252368681
1562 912 13.5169459188
1563 913 12.8468082411
1564 914 12.2500455923
1565 915 11.995148498
1566 916 12.631141231
1567 917 12.1355042277
1568 918 11.9660494996
1569 919 12.7591269093
1570 920 12.6902628474
1571 921 12.0366927941
1572 922 12.2833695644
1573 923 13.0523621025
1574 924 13.6352836379
1575 925 14.5372622883
1576 926 15.1229857326
1577 927 15.5733630477
1578 928 15.0735142082
1579 929 14.7459968535
1580 930 13.8549084229
1581 931 13.7575967088
1582 932 13.5647273807
1583 933 14.0207563188
1584 934 13.8763010141
1585 935 14.2248151097
1586 936 14.647504855
1587 937 13.9117609751
1588 938 13.318439571
1589 939 13.9959782056
1590 940 13.8477909074
1591 941 14.6894243042
1592 942 15.7748336848
1593 943 16.6001626881
1594 944 17.162742104
1595 945 16.157988976
1596 946 15.1493635196
1597 947 14.1030379705
1598 948 13.3900361626
1599 949 12.5340062817
1600 950 12.2076736175
1601 951 12.0315686311
1602 952 12.3561992133
1603 953 13.1261871733
1604 954 12.8612628234
1605 955 13.2327186171
1606 956 12.7819068444
1607 957 13.1180177115
1608 958 13.6704393831
1609 959 14.5332069592
1610 960 15.5406870602
1611 961 16.3980255962
1612 962 17.4717006575
1613 963 17.8215676182
1614 964 17.1115365633
1615 965 17.2889094832
1616 966 18.0154628581
1617 967 17.055852876
1618 968 16.5545760575
1619 969 15.4662711439
1620 970 15.9274696534
1621 971 16.9235117413
1622 972 16.1572575039
1623 973 15.3267227396
1624 974 16.1544502833
1625 975 16.7809412733
1626 976 15.7708780223
1627 977 15.2210527128
1628 978 16.2255524202
1629 979 16.4357926539
1630 980 15.5195819182
1631 981 15.5058819878
1632 982 16.3915465237
1633 983 16.5049922901
1634 984 15.8787271933
1635 985 16.1844477629
1636 986 17.0176142609
1637 987 17.1579604746
1638 988 16.4487308487
1639 989 16.7058221216
1640 990 17.841793608
1641 991 18.1050014812
