650 0 6.1925673592
651 1 6.2163497769
652 2 7.83167961278
653 3 8.75943642628
654 4 10.2489385282
655 5 10.9621027633
656 6 10.7189325821
657 7 12.3430246139
658 8 14.4406990467
659 9 14.10903599
660 10 14.620640103
661 11 16.4253907312
662 12 16.9694732043
663 13 17.8665864462
664 14 19.3496025529
665 15 21.4391226473
666 16 22.1179026294
667 17 22.9183279993
668 18 21.0445199747
669 19 19.4611937592
670 20 19.979452645
671 21 19.49945471
672 22 17.4998790535
673 23 16.8987427519
674 24 17.4366711592
675 25 16.4745838231
676 26 14.4049378544
677 27 14.3643063926
678 28 13.5797268957
679 29 15.1090921984
680 30 15.5399986458
681 31 16.2785933087
682 32 14.9633748814
683 33 16.3488414276
684 34 15.6322663632
685 35 16.0033464889
686 36 17.6892052831
687 37 18.3269909266
688 38 18.4209418192
689 39 19.9057063301
690 40 22.0370312076
691 41 21.8939041248
692 42 21.8788561006
693 43 23.9175002772
694 44 24.082940307
695 45 24.2898670747
696 46 23.097998086
697 47 22.2439757931
698 48 21.4769665346
699 49 20.6719258225
700 50 19.6409676615
701 51 18.549122207
702 52 18.05203302
703 53 17.2634513988
704 54 16.0753473781
705 55 15.138554007
706 56 14.3233431388
707 57 13.6179835857
708 58 12.4056440844
709 59 11.4923760562
710 60 11.2177206788
711 61 9.90106840075
712 62 8.74659552311
713 63 8.40911999021
714 64 8.5872001047
715 65 7.14073184561
716 66 6.60519143197
717 67 7.15159430369
718 68 6.91658918144
719 69 6.03383332823
720 70 6.07677787039
721 71 7.03395960014
722 72 7.27304546319
723 73 8.48349199864
724 74 9.04915413513
725 75 7.91484123869
726 76 9.37060430281
727 77 4.36712086396
728 78 3.54918328863
729 79 0.0806367083395
730 80 0.0804120042087
731 81 0.0780123559359
732 82 0.0798598531866
733 83 0.0766967611898
734 84 0.0752062782844
735 85 0.0718076876349
736 86 0.0712697447886
737 87 0.0682372683713
738 88 0.0638069518764
739 89 0.0630697184559
740 90 0.06013744393
741 91 0.0621926977159
742 92 0.0628472008925
743 93 0.0625863927988
744 94 0.064931253286
745 95 0.0644268363591
746 96 0.0662100411398
747 97 0.0659057227
748 98 0.0643035503732
749 99 0.0664676715958
750 100 0.066819496645
751 101 0.0657617131348
752 102 0.0677132658612
753 103 0.0668319806824
754 104 0.0678123144177
755 105 0.0671632263883
756 106 0.0666199612703
757 107 0.0703027232303
758 108 0.069693305052
759 109 0.068677185715
760 110 0.0638035480243
761 111 0.0606680010252
762 112 0.0577662037303
763 113 0.0591058933921
764 114 0.0588382424559
765 115 0.0626345130835
766 116 0.0631126575554
767 117 0.066464604228
768 118 0.067958550417
769 119 0.0693891601427
770 120 0.0720007107282
771 121 0.0717681494276
772 122 0.0730471269259
773 123 0.0698938437206
774 124 0.0708844928935
775 125 0.0724228431308
776 126 0.0698160838983
777 127 0.0677809701043
778 128 0.0656951577601
779 129 0.063458918744
780 130 0.063758930218
781 131 0.0620236182446
782 132 0.0620648443488
783 133 0.060052417435
784 134 0.0598731111923
785 135 0.057696316947
786 136 0.0585520179969
787 137 0.0577395108224
788 138 0.0590024108241
789 139 0.0587691050959
790 140 0.0583443266414
791 141 0.0559157666201
792 142 0.0536027889724
793 143 0.0533264371633
794 144 0.0552042852179
795 145 0.0553151937669
796 146 0.0581952470205
797 147 0.0577844268834
798 148 0.0592741408367
799 149 0.0596797848766
800 150 0.0599366849582
801 151 0.0613308691967
802 152 0.0614511114613
803 153 0.0645631345091
804 154 0.0644198572762
805 155 2.879937593
806 156 3.48362116585
807 157 3.8526966708
808 158 3.70862833208
809 159 3.7842810588
810 160 3.82074256425
811 161 4.02027251848
812 162 4.24867521886
813 163 4.70432250225
814 164 5.34734098089
815 165 5.83627236591
816 166 6.18662581912
817 167 6.4532435419
818 168 7.36719548451
819 169 7.79256992215
820 170 8.13841544213
821 171 7.54333234344
822 172 7.16251622177
823 173 6.23807778955
824 174 5.80894521758
825 175 4.99838495266
826 176 4.53802411221
827 177 4.1589095218
828 178 3.98375477384
829 179 3.81111877961
830 180 3.62010284683
831 181 3.67395455743
832 182 3.77617092907
833 183 4.15358770157
834 184 4.39138521842
835 185 4.65558921027
836 186 4.51818268235
837 187 4.32430854525
838 188 4.25643286809
839 189 4.78693791716
840 190 4.66852465118
841 191 5.19196020063
842 192 4.78446414022
843 193 5.22251654535
844 194 5.26817467514
845 195 5.87805523932
846 196 6.65230750427
847 197 6.83312395135
848 198 7.75546420391
849 199 7.39238452023
850 200 7.09868434221
851 201 7.5001260215
852 202 6.81389056571
853 203 7.00481719471
854 204 6.92972585803
855 205 7.90565180531
856 206 8.50707245309
857 207 9.12757970465
858 208 8.34635314452
859 209 7.2005458957
860 210 6.45822131395
861 211 6.02407105415
862 212 5.87501302621
863 213 5.64109977153
864 214 4.98341202329
865 215 4.73896353607
866 216 4.09896004511
867 217 4.17442890885
868 218 3.98583623616
869 219 3.85134853548
870 220 3.84941725539
871 221 3.85317203797
872 222 4.10716001788
873 223 4.29942278566
874 224 4.56126756048
875 225 5.06430518748
876 226 5.44353113308
877 227 6.24301827819
878 228 6.3608419751
879 229 7.1636976148
880 230 7.10518764031
881 231 8.05431487093
882 232 7.97940222266
883 233 7.7570759994
884 234 7.44911190571
885 235 6.7084780365
886 236 6.32865524751
887 237 5.8335647698
888 238 5.19899286739
889 239 5.04905667238
890 240 4.72386672604
891 241 4.91946155627
892 242 4.66499924619
893 243 5.1631560951
894 244 4.89226644008
895 245 5.5910835246
896 246 6.21250623285
897 247 5.74600960649
898 248 6.17878105081
899 249 5.28187190734
900 250 5.37769712503
901 251 4.72827728201
902 252 4.66076088791
903 253 4.44384082715
904 254 4.90102444333
905 255 4.84347974282
906 256 5.43443639818
907 257 5.50496907883
908 258 6.29326563106
909 259 6.8149203263
910 260 7.52987988292
911 261 8.83999949015
912 262 11.4910895655
913 263 12.2515511845
914 264 12.1880433553
915 265 12.1700676096
916 266 11.9767863037
917 267 12.0191750385
918 268 11.6835485667
919 269 11.6426941026
920 270 11.6231403763
921 271 11.6832443062
922 272 11.8602310732
923 273 11.8817691919
924 274 12.2579564516
925 275 12.6027386725
926 276 12.6883597692
927 277 12.6814141881
928 278 12.5650917605
929 279 12.2586689642
930 280 11.8139581622
931 281 12.105309667
932 282 12.2199579573
933 283 12.6438384497
934 284 12.722823343
935 285 12.7577379564
936 286 12.5212275746
937 287 12.5479893522
938 288 12.2452141848
939 289 12.1170213457
940 290 11.913760907
941 291 11.6661517112
942 292 11.8040590646
943 293 11.6388780943
944 294 11.2888904783
945 295 11.6162742319
946 296 11.3001492777
947 297 11.3843694815
948 298 11.7562894272
949 299 11.9609333831
950 300 11.9957304149
951 301 12.1748228974
952 302 12.1802239118
953 303 12.1717264449
954 304 12.1974199418
955 305 12.2337287765
956 306 12.3279852446
957 307 12.3348390363
958 308 12.4538501118
959 309 12.5266470296
960 310 12.6921671217
961 311 12.8904795556
962 312 12.4100795056
963 313 13.793682676
964 314 13.1396163819
965 315 12.0980974006
966 316 11.1877732359
967 317 10.1271127653
968 318 10.0208954405
969 319 10.1302728051
970 320 9.19783541098
971 321 8.37393159009
972 322 8.572825734
973 323 8.29185584679
974 324 7.12047821637
975 325 6.25627603677
976 326 5.76536160767
977 327 6.62813903567
978 328 7.14093147427
979 329 6.87327458665
980 330 7.4943994952
981 331 8.59339175424
982 332 8.59136676103
983 333 8.63861374657
984 334 8.72792039777
985 335 8.00688605522
986 336 7.74446728261
987 337 7.72815675564
988 338 8.73457289939
989 339 9.1707383988
990 340 9.63306783099
991 341 8.88950883898
992 342 7.88708927575
993 343 8.52568145101
994 344 8.16250025138
995 345 7.37884323873
996 346 8.34969733769
997 347 9.50379429838
998 348 9.5023222859
999 349 8.92377448512
1000 350 9.7737735894
1001 351 10.9372748105
1002 352 10.4309232988
1003 353 10.3327846015
1004 354 11.6328019977
1005 355 12.1873144218
1006 356 11.8284507907
1007 357 12.4633757469
1008 358 13.8074945108
1009 359 13.9551891237
1010 360 13.5523614768
1011 361 12.4283228779
1012 362 11.4352741645
1013 363 12.3192553826
1014 364 11.9297407774
1015 365 10.6047167561
1016 366 10.1013038198
1017 367 10.3702943666
1018 368 9.13927710958
1019 369 8.37865235093
1020 370 9.0230259306
1021 371 8.44757099799
1022 372 7.31293706259
1023 373 7.88598447444
1024 374 8.01361673686
1025 375 6.87587817895
1026 376 6.84024237257
1027 377 7.60601032976
1028 378 6.92703951856
1029 379 6.24110556301
1030 380 6.97878032042
1031 381 7.43008930664
1032 382 6.46526399293
1033 383 6.5121835856
1034 384 7.66304798791
1035 385 7.55393660562
1036 386 7.18734864426
1037 387 8.38474214641
1038 388 8.84865906251
1039 389 9.44912762446
1040 390 10.1728637861
1041 391 10.7556032332
1042 392 10.307055439
1043 393 10.8682965419
1044 394 10.0002342018
1045 395 10.2266306002
1046 396 10.0880833561
1047 397 9.43833388464
1048 398 8.69030419674
1049 399 9.45070090582
1050 400 10.6738323377
1051 401 11.7921550019
1052 402 11.5060245655
1053 403 12.0179003293
1054 404 12.8857342133
1055 405 12.6803479582
1056 406 11.2517021007
1057 407 11.275621695
1058 408 12.2723974893
1059 409 11.435598744
1060 410 10.3421708274
1061 411 11.2211239393
1062 412 11.7310883063
1063 413 10.5277071496
1064 414 10.0785293504
1065 415 11.382744458
1066 416 11.4317915144
1067 417 10.1672339152
1068 418 10.5072357851
1069 419 11.0549400847
1070 420 9.90221846761
1071 421 8.79992296161
1072 422 8.75492990203
1073 423 8.96302489671
1074 424 8.93015399068
1075 425 10.2512303895
1076 426 9.97925080261
1077 427 9.51725323878
1078 428 10.4327952461
1079 429 11.5644104379
1080 430 11.358209127
1081 431 11.4507585053
1082 432 12.6344396583
1083 433 13.0629780184
1084 434 12.8716372033
1085 435 13.5321811164
1086 436 14.7308713338
1087 437 14.9190914128
1088 438 14.6980304492
1089 439 14.8671524967
1090 440 16.0467785164
1091 441 17.4426362336
1092 442 18.5904070831
1093 443 19.2169956745
1094 444 18.0804933621
1095 445 17.3630169893
1096 446 15.8817560561
1097 447 15.5741941874
1098 448 14.5908463325
1099 449 14.2933245917
1100 450 13.205368072
1101 451 13.514647178
1102 452 13.4915124941
1103 453 12.3065312168
1104 454 13.053963923
1105 455 14.396661375
1106 456 15.3436788526
1107 457 16.9129592618
1108 458 16.9807326059
1109 459 19.1475937608
1110 460 20.0697342606
1111 461 21.5671826605
1112 462 21.7002611499
1113 463 20.5314138562
1114 464 18.9998904118
1115 465 19.0674880356
1116 466 18.0404523376
1117 467 17.0594393783
1118 468 17.331590802
1119 469 17.6014857341
1120 470 16.2819477744
1121 471 15.2796946042
1122 472 15.9786943237
1123 473 16.0194905952
1124 474 14.4774607725
1125 475 14.2679624303
1126 476 15.3485990256
1127 477 14.6714499382
1128 478 13.4023942194
1129 479 14.1422577523
1130 480 14.8520652165
1131 481 13.4862497442
1132 482 13.2020347621
1133 483 14.7089079042
1134 484 14.7105703495
1135 485 13.2101227327
1136 486 13.2213005621
1137 487 14.6414001042
1138 488 14.4144620047
1139 489 13.1908639817
1140 490 13.9907619477
1141 491 15.4539229568
1142 492 16.174564215
1143 493 15.5900413433
1144 494 16.9620997138
1145 495 17.8112820669
1146 496 16.8190446978
1147 497 16.8828633276
1148 498 18.481700086
1149 499 18.540563443
1150 500 17.6575634107
1151 501 18.4753784554
1152 502 19.867291294
1153 503 19.4386153676
1154 504 19.066439355
1155 505 20.4332194698
1156 506 21.3041107462
1157 507 20.6534048335
1158 508 20.1635737393
1159 509 21.5319003052
1160 510 21.3350257677
1161 511 19.9212331494
1162 512 19.8969842926
1163 513 18.4175078641
1164 514 18.0262507659
1165 515 16.6115807186
1166 516 17.156144466
1167 517 18.2374955222
1168 518 17.1301148086
1169 519 16.0995843915
1170 520 17.227002091
1171 521 18.0396740018
1172 522 16.8966492616
1173 523 16.7475489654
1174 524 18.3226823231
1175 525 18.3215216549
1176 526 17.330318957
1177 527 18.5302585219
1178 528 19.7302820507
1179 529 20.2837712886
1180 530 20.227089233
1181 531 21.7562370929
1182 532 23.0496675605
1183 533 23.0489590997
1184 534 21.5017875895
1185 535 21.074746802
1186 536 21.8976014483
1187 537 21.1663109079
1188 538 19.7594453704
1189 539 20.2291624053
1190 540 20.9717760561
1191 541 19.783063068
1192 542 18.995225156
1193 543 19.1553728263
1194 544 19.5014463107
1195 545 19.3943361899
1196 546 17.8941358771
1197 547 17.1490787331
1198 548 17.3066952747
1199 549 16.9334555378
1200 550 17.2311653051
1201 551 17.4547501699
1202 552 16.2307767501
1203 553 15.3394989698
1204 554 14.5586770258
1205 555 13.3040608306
1206 556 14.1379564954
1207 557 15.0590288297
1208 558 13.9943901825
1209 559 13.7877214757
1210 560 15.2774142401
1211 561 15.6479390353
1212 562 14.6297619298
1213 563 15.2560119554
1214 564 16.6442461641
1215 565 16.2596597009
1216 566 15.79238855
1217 567 17.1646372555
1218 568 17.9599587603
1219 569 17.3057197459
1220 570 17.6073293459
1221 571 19.1400533921
1222 572 19.1885868453
1223 573 19.7829147265
1224 574 19.2456723956
1225 575 20.060513466
1226 576 19.376349142
1227 577 17.9684546295
1228 578 17.7932309216
1229 579 17.8133391366
1230 580 16.8635944316
1231 581 15.8147191374
1232 582 15.9996593601
1233 583 15.744616322
1234 584 14.5419480882
1235 585 14.0016746957
1236 586 13.9394432627
1237 587 13.4577744236
1238 588 12.0839519067
1239 589 11.9453988654
1240 590 10.57635477
1241 591 9.91750284562
1242 592 10.5791842956
1243 593 10.4888175363
1244 594 11.0811357476
1245 595 10.4204877379
1246 596 10.3883908159
1247 597 9.96623523952
1248 598 11.2221309244
1249 599 11.8052586522
1250 600 10.9478845785
1251 601 10.95032177
1252 602 12.3611608464
1253 603 12.7735403813
1254 604 11.8871204975
1255 605 12.5261624418
1256 606 13.9187755387
1257 607 13.8324915079
1258 608 13.2551584617
1259 609 14.3747241074
1260 610 15.3712988233
1261 611 14.8092766055
1262 612 15.0332876357
1263 613 16.4636687231
1264 614 17.1207267548
1265 615 18.5437662382
1266 616 18.185673268
1267 617 17.4457007955
1268 618 15.3085520649
1269 619 15.1272537576
1270 620 13.477439084
1271 621 13.3029356473
1272 622 13.1043495493
1273 623 13.093074101
1274 624 12.935722462
1275 625 13.0051375592
1276 626 12.8719313843
1277 627 13.0717364828
1278 628 12.8756577502
1279 629 13.1987607851
1280 630 13.1101430566
1281 631 13.2874533565
1282 632 13.9881254258
1283 633 13.838459717
1284 634 13.4179325866
1285 635 13.01380427
1286 636 13.055310192
1287 637 12.8009725107
1288 638 12.9099468118
1289 639 12.9130432958
1290 640 13.1385964747
1291 641 13.4418340668
1292 642 13.5593691464
1293 643 13.3327473953
1294 644 13.3796751316
1295 645 12.9692499139
1296 646 12.956654817
1297 647 12.6912600562
1298 648 12.5266535864
1299 649 12.4004123005
1300 650 12.3801858335
1301 651 12.2995422441
1302 652 12.338705099
1303 653 12.2704288078
1304 654 12.3235291482
1305 655 12.1907219628
1306 656 12.3620544313
1307 657 12.3239689198
1308 658 12.5654313975
1309 659 12.6551046111
1310 660 12.6527137427
1311 661 12.8178597716
1312 662 12.8319711319
1313 663 13.0357042972
1314 664 13.1805658213
1315 665 13.317744207
1316 666 13.3472465171
1317 667 13.1534733497
1318 668 12.9837176277
1319 669 12.6558942632
1320 670 12.5342748946
1321 671 12.3424942965
1322 672 12.2935150718
1323 673 12.2016342515
1324 674 12.2328834371
1325 675 12.177540295
1326 676 12.1419130792
1327 677 12.0921146364
1328 678 11.7660545001
1329 679 11.7506461885
1330 680 13.3057761807
1331 681 15.6974247635
1332 682 19.5302720982
1333 683 20.8006559208
1334 684 20.5741977736
1335 685 21.6362299454
1336 686 22.0335570471
1337 687 23.3088690671
1338 688 24.0079023187
1339 689 22.800880503
1340 690 21.2549735675
1341 691 20.2077439347
1342 692 18.6798365931
1343 693 18.0683589617
1344 694 16.5150003716
1345 695 15.5273586508
1346 696 14.3306199873
1347 697 13.657710249
1348 698 13.7549762622
1349 699 13.4628380449
1350 700 13.3874595906
1351 701 13.6835408245
1352 702 13.760944085
1353 703 13.9816832898
1354 704 14.4130309152
1355 705 15.1480036066
1356 706 15.2265883194
1357 707 15.6823541234
1358 708 15.1134568538
1359 709 14.5926154305
1360 710 14.0949038934
1361 711 14.3116725787
1362 712 14.5868458398
1363 713 15.2855013805
1364 714 16.5702046346
1365 715 17.2994548053
1366 716 18.8166903781
1367 717 19.4395142017
1368 718 20.9507349154
1369 719 22.1156299367
1370 720 23.6438039472
1371 721 23.935110402
1372 722 25.6593405945
1373 723 26.7323778193
1374 724 27.0195376214
1375 725 25.9675123002
1376 726 25.8459432161
1377 727 26.4394339636
1378 728 25.9673804268
1379 729 24.6044752624
1380 730 23.5254126437
1381 731 22.0637525727
1382 732 22.1573964009
1383 733 20.7310834286
1384 734 20.5282876381
1385 735 18.9555764526
1386 736 17.9518117053
1387 737 17.8579080725
1388 738 17.2563297677
1389 739 16.9765932065
1390 740 17.6430946674
1391 741 17.7052256348
1392 742 16.95575401
1393 743 18.0701470056
1394 744 17.168899284
1395 745 17.2220309859
1396 746 18.7393094252
1397 747 18.9760629682
1398 748 18.2855554243
1399 749 19.2805766433
1400 750 20.5866712843
1401 751 20.1690452394
1402 752 19.5324864525
1403 753 20.5005955701
1404 754 20.5961002143
1405 755 20.8868919172
1406 756 20.8476605877
1407 757 21.5320936245
1408 758 22.8526734476
1409 759 22.2217241836
1410 760 21.5301961542
1411 761 22.3331514768
1412 762 21.3929548317
1413 763 22.7274506951
1414 764 22.7202482914
1415 765 24.4180930043
1416 766 24.1960934261
1417 767 23.196299011
1418 768 22.2190348137
1419 769 20.8708104137
1420 770 20.9482630945
1421 771 21.3765951923
1422 772 21.0761652088
1423 773 22.2591250041
1424 774 22.0635249722
1425 775 23.3447989127
1426 776 23.4683867238
1427 777 24.7488841591
1428 778 24.7274382318
1429 779 23.7809588598
1430 780 23.8196654683
1431 781 24.1520423116
1432 782 23.778189247
1433 783 22.0814679466
1434 784 20.9301585896
1435 785 21.0833303628
1436 786 19.5199868245
1437 787 19.0027031248
1438 788 17.6058422466
1439 789 17.039144078
1440 790 15.962020586
1441 791 16.1881800557
1442 792 15.5804001922
1443 793 15.4925292621
1444 794 16.0245989659
1445 795 16.09357644
1446 796 15.3024395285
1447 797 15.7492394329
1448 798 15.4072397761
1449 799 15.7498216069
1450 800 16.4008811781
1451 801 17.4349268174
1452 802 17.7083678312
1453 803 18.7311735133
1454 804 19.9998642286
1455 805 20.5479106242
1456 806 21.8970624104
1457 807 22.6032979658
1458 808 24.1923326093
1459 809 25.6171482295
1460 810 26.3284922899
1461 811 27.8945089835
1462 812 27.4561969491
1463 813 26.3515160547
1464 814 26.3301830408
1465 815 25.2249749215
1466 816 23.7831687207
1467 817 22.1773393531
1468 818 21.3229985058
1469 819 19.8261266703
1470 820 18.8798467878
1471 821 17.4510879377
1472 822 16.0188989316
1473 823 14.623718077
1474 824 13.1905244974
1475 825 13.3177870149
1476 826 14.8448486221
1477 827 13.6173164732
1478 828 12.3092095156
1479 829 11.9697815351
1480 830 11.8536177966
1481 831 11.4032305985
1482 832 12.0171662165
1483 833 12.0894501607
1484 834 11.7547568621
1485 835 12.5994145953
1486 836 12.6290714979
1487 837 12.3276745786
1488 838 12.1957709041
1489 839 11.3618177602
1490 840 11.1371592333
1491 841 11.552395153
1492 842 11.2408169923
1493 843 10.6100863275
1494 844 10.9312204205
1495 845 11.228580875
1496 846 10.8540897981
1497 847 10.8983730268
1498 848 11.3799293406
1499 849 11.1294112367
1500 850 11.6293958154
1501 851 11.9045714172
1502 852 13.0877274691
1503 853 12.6548990671
1504 854 13.839557778
1505 855 13.4459758111
1506 856 14.8408486188
1507 857 15.4000104101
1508 858 16.5004734148
1509 859 15.2057265562
1510 860 14.4547801128
1511 861 15.994436199
1512 862 16.3291343805
1513 863 14.8349301889
1514 864 15.0956596156
1515 865 16.9063083546
1516 866 16.7036324819
1517 867 18.2637714065
1518 868 16.8582203489
1519 869 15.8738978181
1520 870 16.7880394176
1521 871 15.8344218384
1522 872 14.903002229
1523 873 14.4163297854
1524 874 13.7798773925
1525 875 13.4102311207
1526 876 13.2876416213
1527 877 12.9258751666
1528 878 13.9176127526
1529 879 13.8108692837
1530 880 13.0385724171
1531 881 13.6353354209
1532 882 12.8567938908
1533 883 13.5609230912
1534 884 13.3033658466
1535 885 13.0137627886
1536 886 12.5846230198
1537 887 12.2961906295
1538 888 13.0224949353
1539 889 12.8415535354
1540 890 13.8731525131
1541 891 13.6953122111
1542 892 14.6371475199
1543 893 14.9763892411
1544 894 14.949240595
1545 895 15.6745802056
1546 896 16.3565570471
1547 897 16.2564719833
1548 898 17.1070824414
1549 899 17.9097453442
1550 900 18.3057775212
1551 901 19.7443418952
1552 902 18.6937160614
1553 903 19.4072953776
1554 904 18.0838373221
1555 905 18.3590283892
1556 906 17.1014972142
1557 907 16.8164710935
1558 908 16.9759098764
1559 909 15.806666932
1560 910 15.1361049172
1561 911 14.2797245189
1562 912 13.0197111996
1563 913 12.6371536282
1564 914 11.5910242351
1565 915 11.3672142894
1566 916 11.2650829588
1567 917 10.8031421719
1568 918 10.5898298473
1569 919 10.8865191976
1570 920 10.6701561437
1571 921 10.3949590623
1572 922 10.5921787282
1573 923 10.909950532
1574 924 11.3679527243
1575 925 11.7966080948
1576 926 12.5040609025
1577 927 12.9585280084
1578 928 12.4343030686
1579 929 12.6359655347
1580 930 12.3238672695
1581 931 12.6749700506
1582 932 12.7287511756
1583 933 13.4511331746
1584 934 13.761594709
1585 935 15.1252914671
1586 936 16.5463009819
1587 937 15.7688988269
1588 938 14.4149665194
1589 939 15.826025793
1590 940 16.0802588424
1591 941 17.7737607918
1592 942 19.5189095895
1593 943 20.1285357551
1594 944 20.4151846725
1595 945 18.4636009789
1596 946 17.1178704603
1597 947 15.2824112836
1598 948 13.9856846937
1599 949 12.9510441592
1600 950 11.8184556787
1601 951 11.8627951042
1602 952 11.8533639049
1603 953 12.6436111463
1604 954 12.0827717736
1605 955 11.9062786189
1606 956 11.5107638277
1607 957 11.6631848459
1608 958 11.8619820449
1609 959 12.5781150719
1610 960 12.9826579971
1611 961 13.5274689092
1612 962 14.5139115379
1613 963 14.9058752507
1614 964 14.3626147315
1615 965 14.6629762066
1616 966 15.6694555506
1617 967 15.1127355331
1618 968 15.3050087026
1619 969 14.1153806859
1620 970 14.0644681357
1621 971 15.2317876681
1622 972 15.167598135
1623 973 13.9926391506
1624 974 14.3515477067
1625 975 15.5049307582
1626 976 15.0323625397
1627 977 14.2823903483
1628 978 15.416632247
1629 979 16.3689028223
1630 980 15.5404667464
1631 981 15.6471128788
1632 982 17.2264749087
1633 983 17.7562865746
1634 984 17.314941502
1635 985 18.1077070153
1636 986 19.5405356946
1637 987 20.0387448994
1638 988 18.9356021142
1639 989 19.0464574906
1640 990 20.6246230266
1641 991 21.381647642
