1 0 0.0555335228719
2 1 0.0512630348998
3 2 0.0493649058906
4 3 0.0472363039009
5 4 0.0448797210747
6 5 0.0445048185697
7 6 0.0416411829746
8 7 0.0419701574199
9 8 0.0409717726408
10 9 0.0442779975862
11 10 0.0462641373108
12 11 0.0470405114121
13 12 0.0477396802406
14 13 0.0527943772868
15 14 0.0543588336265
16 15 0.0494293582893
17 16 0.0475520546055
18 17 0.0445370843437
19 18 0.0427280692815
20 19 0.0430775309396
21 20 0.0411439906749
22 21 0.0427291072582
23 22 0.0428672855676
24 23 0.0449268375994
25 24 0.0461715823343
26 25 0.0487667035608
27 26 0.0492022959954
28 27 0.0512340787815
29 28 0.0515894199921
30 29 0.0505637959551
31 30 0.0508868189594
32 31 0.0527556600149
33 32 0.0511517903908
34 33 0.0538942437116
35 34 0.052768013633
36 35 0.0571357604377
37 36 0.058206046136
38 37 0.0642471413455
39 38 0.0674291509561
40 39 0.0692300078215
41 40 0.0745458809473
42 41 0.0767781829618
43 42 0.0764683729021
44 43 0.0733918097852
45 44 0.0678775397606
46 45 0.0639326967819
47 46 0.0607542593918
48 47 0.062940760372
49 48 0.0600082671552
50 49 0.0553371698477
51 50 0.0541160067807
52 51 0.050835796559
53 52 0.0507844734968
54 53 0.0478266950223
55 54 0.0498418496276
56 55 0.0494324362015
57 56 0.0505496552498
58 57 0.0483575879413
59 58 0.0459625221384
60 59 0.0455707715725
61 60 0.044638310322
62 61 0.0448276725331
63 62 0.045103440217
64 63 0.0479588866953
65 64 0.0478161973422
66 65 0.0511991090002
67 66 0.0529992114365
68 67 0.0559096827723
69 68 0.0617127923594
70 69 0.0636686595137
71 70 0.0703649847633
72 71 0.0751292816289
73 72 0.0728043399688
74 73 3.89181704825
75 74 3.93120252085
76 75 4.50137737465
77 76 4.00590677174
78 77 4.63289366574
79 78 3.64316919822
80 79 0.0714415083094
81 80 0.0641306795377
82 81 0.0639440782064
83 82 0.0614161574198
84 83 0.0594417199419
85 84 0.0595855575125
86 85 0.0543914879597
87 86 0.0549114164923
88 87 0.0510593756988
89 88 0.0535720075749
90 89 0.051383575326
91 90 0.054961774911
92 91 0.0583815092475
93 92 0.0568224342229
94 93 0.056034029682
95 94 0.0540816454773
96 95 0.056013925738
97 96 0.0548427327174
98 97 0.0581349606264
99 98 0.0533664175875
100 99 0.0542050268135
101 100 0.0538151514035
102 101 0.0514755875753
103 102 0.0546478695293
104 103 0.0503007416517
105 104 0.0511256204589
106 105 0.0471045643331
107 106 0.0466830577159
108 107 0.0496288159516
109 108 0.0492845643193
110 109 0.0518478533428
111 110 0.0536792813574
112 111 0.0556928265178
113 112 0.0584492273416
114 113 0.0577461056566
115 114 0.0554806729168
116 115 0.0581507156391
117 116 0.061159602396
118 117 0.0642037170482
119 118 0.0667654917026
120 119 0.0692850239077
121 120 0.0667119676552
122 121 0.0657258253503
123 122 0.0620355430079
124 123 0.0616226936471
125 124 0.0587028887968
126 125 0.0578743045242
127 126 0.0559011771445
128 127 0.0537966540418
129 128 0.0537631290695
130 129 0.0506093438626
131 130 0.0485091061555
132 131 0.0442624877895
133 132 0.0455870207943
134 133 0.0473492025298
135 134 0.0516485929299
136 135 0.0548097809758
137 136 0.0568224305159
138 137 0.0617331423337
139 138 0.0614543195738
140 139 0.0650286420655
141 140 0.0622390898636
142 141 0.0644114709428
143 142 0.0623801367301
144 143 0.0639598107414
145 144 0.0632261382567
146 145 0.0641746146165
147 146 0.0651940620087
148 147 0.0640100934929
149 148 0.0693183503883
150 149 0.0679114166506
151 150 0.0716067232237
152 151 0.0701581118051
153 152 0.0715151861145
154 153 0.0703035401798
155 154 0.0709563102407
156 155 0.0704654900891
157 156 0.0713786162469
158 157 0.06958969059
159 158 0.067989213241
160 159 0.064071172868
161 160 0.0671922573751
162 161 0.0697791614555
163 162 0.0665206639858
164 163 0.0626378525851
165 164 0.0585297133809
166 165 0.0599236533996
167 166 0.0620759104854
168 167 0.0639132176111
169 168 0.0648605161189
170 169 0.0662277924997
171 170 0.0669095516889
172 171 0.0690133771416
173 172 0.067673120897
174 173 0.0717256694974
175 174 0.0714831499028
176 175 0.0729213046398
177 176 0.070366877954
178 177 0.0683362998587
179 178 0.0649651756847
180 179 0.0616782982633
181 180 0.0583579514097
182 181 0.0595032103113
183 182 0.0572525582738
184 183 0.0569592946428
185 184 0.0571264273362
186 185 0.0566892980707
187 186 0.0572844515839
188 187 0.0583871682033
189 188 0.0645914014651
190 189 0.0623714491121
191 190 0.0591879944179
192 191 0.0626848331668
193 192 0.0601176661004
194 193 0.0541989928239
195 194 0.0542941317854
196 195 0.0509047434059
197 196 0.0518279468633
198 197 0.0515425908959
199 198 0.0535225733672
200 199 0.0555248919886
201 200 0.0579013533576
202 201 0.0612592118104
203 202 0.0619596306855
204 203 0.0646874183379
205 204 0.0660781823072
206 205 0.0655884894287
207 206 0.0664767934962
208 207 0.0664971568938
209 208 0.0684170211714
210 209 0.0664409422614
211 210 0.0634292588689
212 211 0.0614229201908
213 212 0.0584422843694
214 213 0.0587044660715
215 214 0.0566360369626
216 215 0.0587164869007
217 216 0.0577307006762
218 217 0.0584849913629
219 218 0.0559073161245
220 219 0.0619874176886
221 220 0.069059794409
222 221 0.0739585702586
223 222 0.080224361619
224 223 0.0851512365406
225 224 0.0806227450384
226 225 0.0841711811228
227 226 0.0778840237232
228 227 0.0763094119122
229 228 0.0701367437267
230 229 0.0666672830548
231 230 0.0627521044028
232 231 0.0601909794972
233 232 0.0612700709822
234 233 0.0605841703087
235 234 0.0631478094428
236 235 0.0652827560066
237 236 0.0673320308844
238 237 0.0669156978797
239 238 0.0668577450818
240 239 0.0650021639015
241 240 0.0667440745533
242 241 0.0662918830203
243 242 0.0678421519165
244 243 0.0695510123983
245 244 0.0698082072243
246 245 0.0701381057942
247 246 0.0685126499518
248 247 0.0710810074284
249 248 0.0699479673029
250 249 0.0727665387984
251 250 0.0726218984939
252 251 0.0734304632228
253 252 0.0732561728426
254 253 0.0688674107945
255 254 0.0715902915046
256 255 0.0660395068389
257 256 0.0656522412482
258 257 0.0716541279007
259 258 0.0722449395781
260 259 0.0780906023241
261 260 0.0780771905532
262 261 0.081913603898
263 262 0.0844740515933
264 263 0.0868264307238
265 264 0.0807803408571
266 265 0.0787893295819
267 266 0.0769855976173
268 267 0.0751219346347
269 268 0.0716787237448
270 269 0.0706092630255
271 270 0.067492172359
272 271 0.0676814145277
273 272 0.066103013673
274 273 0.064546377295
275 274 0.0630468501716
276 275 0.0643884658639
277 276 0.0656819537726
278 277 0.0690367469001
279 278 0.0723120176586
280 279 0.075746505175
281 280 0.0813411728046
282 281 0.0847737846824
283 282 0.0907508503267
284 283 0.0880618606167
285 284 0.0845695682762
286 285 0.0903725841595
287 286 0.0938006309869
288 287 0.0891668411754
289 288 0.0917633883034
290 289 3.38586865019
291 290 3.06302949134
292 291 0.0968428233854
293 292 0.0962238388504
294 293 0.0900587200197
295 294 0.0874113380392
296 295 0.0860137389735
297 296 0.0803391424149
298 297 0.076474031008
299 298 0.0702158712976
300 299 0.0707836931865
301 300 0.0662690626595
302 301 0.0674330907633
303 302 0.0645398407661
304 303 0.0648301594848
305 304 0.0652224266846
306 305 0.0647142979092
307 306 0.0667907330736
308 307 0.0667333169832
309 308 0.0695387131064
310 309 0.070247491689
311 310 0.0726511424331
312 311 0.0736713325145
313 312 0.0732314387036
314 313 0.0728159186421
315 314 0.0703560163025
316 315 0.0683589214302
317 316 0.0654834652822
318 317 0.0639394829987
319 318 0.06091512
320 319 0.0598130829651
321 320 0.0578236175127
322 321 0.0588147303498
323 322 0.0578924829079
324 323 0.0604005276704
325 324 0.0626589544702
326 325 0.0698515685343
327 326 0.0707998250492
328 327 0.0763104466582
329 328 0.0712886314962
330 329 0.0642541486086
331 330 0.0619733044953
332 331 0.0616172425614
333 332 0.0619696723037
334 333 0.0575245061567
335 334 0.0571426975621
336 335 0.0507925457172
337 336 0.0470067338868
338 337 0.0524783205511
339 338 0.0527533475203
340 339 0.0589945797531
341 340 0.0608946600015
342 341 0.0642782637174
343 342 0.0658251073527
344 343 0.0738069199849
345 344 0.0754439822102
346 345 0.0687589127331
347 346 0.0682410467128
348 347 0.0648884713434
349 348 0.0597105266762
350 349 0.0594926166665
351 350 0.0528328991004
352 351 0.0567104907896
353 352 0.0520588347587
354 353 0.054215729127
355 354 0.0517485207073
356 355 0.0531771931087
357 356 0.0567402692388
358 357 0.0513847026524
359 358 0.0478946432621
360 359 0.0450874168591
361 360 0.0452517746875
362 361 0.0480768151656
363 362 0.0458401449828
364 363 0.0504693244294
365 364 0.0572113190747
366 365 0.0632134139534
367 366 0.0673147894575
368 367 0.0733558174138
369 368 0.0768387907596
370 369 0.0832068652962
371 370 0.089118890734
372 371 0.0861847461125
373 372 0.0818878345583
374 373 0.0804529892023
375 374 0.0744369816824
376 375 0.0698785084219
377 376 0.0617996847481
378 377 0.0550554392584
379 378 0.0503590800595
380 379 0.0432162496456
381 380 0.0401179028486
382 381 0.0402407474697
383 382 0.0456265763539
384 383 0.0474383456009
385 384 0.0526270968775
386 385 0.0559046652708
387 386 0.0641739995231
388 387 0.067482522591
389 388 0.0739973279636
390 389 0.0766498828521
391 390 0.0806292257347
392 391 0.0848548313403
393 392 0.0819847805063
394 393 0.0851994940072
395 394 0.0835877529579
396 395 0.0862511630841
397 396 0.080611412586
398 397 0.078522342354
399 398 0.0795692081768
400 399 0.0763115383864
401 400 0.0771858932254
402 401 0.0732799342706
403 402 0.0751425919308
404 403 0.0708776590926
405 404 0.0728456654309
406 405 0.0673592024148
407 406 0.0692173499058
408 407 0.0701385651516
409 408 0.072652842685
410 409 0.0803684594625
411 410 0.0841595719298
412 411 0.0853781953814
413 412 0.0779787654147
414 413 0.0753334553891
415 414 0.0733065836434
416 415 0.0759106877828
417 416 0.0726628364693
418 417 0.0746825636363
419 418 0.0704828243555
420 419 0.0727186267695
421 420 0.0691405327966
422 421 0.0708923530937
423 422 0.0710543542115
424 423 0.0655941081117
425 424 0.06852647194
426 425 0.0659181633456
427 426 0.0688779572157
428 427 0.0738746280477
429 428 0.0772980461797
430 429 0.0735067757817
431 430 0.0723087954327
432 431 0.0653460027755
433 432 0.0605810645
434 433 0.0543279616156
435 434 0.0539894364733
436 435 0.0480636476167
437 436 0.049555672757
438 437 0.0447623901667
439 438 0.0448760453317
440 439 0.0433192904828
441 440 0.0388222409506
442 441 0.0364048056973
443 442 0.0363497405684
444 443 0.0394585974631
445 444 0.0439692889176
446 445 0.0436421948784
447 446 0.0386927018981
448 447 0.0381717433716
449 448 0.0379486461352
450 449 0.0410134107385
451 450 0.0422194220808
452 451 0.0480823473734
453 452 0.0493088580725
454 453 0.0562558630132
455 454 0.059006268265
456 455 0.0654182128292
457 456 0.0677234058575
458 457 0.0734911824279
459 458 0.0740701342831
460 459 0.0719410088427
461 460 0.0648643734314
462 461 0.0628587550803
463 462 0.0613106744476
464 463 0.0570564096585
465 464 0.0530516041074
466 465 0.0502356404535
467 466 0.0459759883538
468 467 0.0436292505393
469 468 0.04049651818
470 469 0.0385672541348
471 470 0.037056448766
472 471 0.0365178778497
473 472 0.0358716376888
474 473 0.0369243189903
475 474 0.0375795025049
476 475 0.0376861279977
477 476 0.0386656134782
478 477 0.0382168214883
479 478 0.0400065107233
480 479 0.0410269096393
481 480 0.0401990540271
482 481 0.0413046631901
483 482 0.0417573626433
484 483 0.0432763883848
485 484 0.0466765488783
486 485 0.0508472058826
487 486 0.0558459451217
488 487 0.0598340746796
489 488 0.0647934837114
490 489 0.0609537431118
491 490 0.0625938206392
492 491 0.0570032229438
493 492 0.0506705509365
494 493 0.0463303470738
495 494 0.0418476602126
496 495 0.0405136393474
497 496 0.0395489099638
498 497 0.0416202441025
499 498 0.0416080901184
500 499 0.0469843283837
501 500 0.0494758317386
502 501 0.0459874317421
503 502 0.0409731842782
504 503 0.0418390255
505 504 0.0392083032781
506 505 0.0361921653673
507 506 0.0355715934146
508 507 0.0357742670487
509 508 0.0368435447093
510 509 0.0387568442683
511 510 0.0410899347496
512 511 0.0442132237286
513 512 0.0470401717463
514 513 0.0495275568739
515 514 0.0537395194688
516 515 0.0588437355276
517 516 0.0635799293976
518 517 0.0699896917192
519 518 0.0742895990738
520 519 0.0700285435154
521 520 0.0662282630888
522 521 0.0593965578031
523 522 0.0579731160146
524 523 0.0523081337206
525 524 0.0527694970526
526 525 0.0480623607335
527 526 0.04687186837
528 527 0.0425165803675
529 528 0.0415141946874
530 529 0.0386528800363
531 530 0.0370338841979
532 531 0.0363650968847
533 532 0.0372670518484
534 533 0.0394965677464
535 534 0.0415801098369
536 535 0.0479508469194
537 536 0.0532646333118
538 537 0.0538428356362
539 538 0.0577395420789
540 539 0.0582837979567
541 540 0.0589723046904
542 541 0.0581159992191
543 542 0.059393931244
544 543 0.058128762518
545 544 0.060078879777
546 545 0.0631525197149
547 546 0.0646993253595
548 547 0.0624568174923
549 548 0.0589998779401
550 549 0.0621794325317
551 550 0.0617715191155
552 551 0.0611286186636
553 552 0.0645677789799
554 553 0.0678490914307
555 554 0.0704623204086
556 555 0.0737529050727
557 556 0.0727791458591
558 557 0.0733726697582
559 558 0.0689701822088
560 559 0.0675794504649
561 560 0.0644966446695
562 561 0.0624082013349
563 562 0.0618921398992
564 563 0.059679845572
565 564 0.0604083218052
566 565 0.0608890561699
567 566 0.0637559385223
568 567 0.0655939088605
569 568 0.0624061606652
570 569 0.0629757066588
571 570 0.0620151945513
572 571 0.0616995299361
573 572 0.0622736285231
574 573 0.0622490779598
575 574 0.0633778878712
576 575 0.0624597661055
577 576 0.063365271557
578 577 0.0617667277152
579 578 0.0615775310483
580 579 0.0595585545601
581 580 0.0581286862154
582 581 0.0565518102556
583 582 0.0560952193608
584 583 0.0529137097246
585 584 0.0505207107118
586 585 0.0476580781181
587 586 0.0484607857939
588 587 0.0498878238214
589 588 0.0499172195342
590 589 0.0495490381678
591 590 0.0489140389798
592 591 0.0437654443724
593 592 0.0432281422249
594 593 0.0438690698158
595 594 0.0408150225411
596 595 0.0393197611463
597 596 0.0404412801569
598 597 0.0391270840589
599 598 0.0374686604127
600 599 0.0398998561504
601 600 0.0403363140273
602 601 0.0381447199276
603 602 0.0397999684793
604 603 0.0418946478448
605 604 0.0450724543805
606 605 0.0471021809538
607 606 0.0445015964237
608 607 0.0455778190005
609 608 0.0497681114705
610 609 0.053720905675
611 610 0.0609923413147
612 611 0.0599723996541
613 612 0.054910402809
614 613 0.051985047106
615 614 0.0533558022966
616 615 0.0478369106422
617 616 0.0439948463
618 617 0.0466114672771
619 618 0.0458953011587
620 619 0.0402970204288
621 620 0.0404047187068
622 621 0.0411170775073
623 622 0.0450886410487
624 623 0.0454592383756
625 624 0.0492298012413
626 625 0.0505929011553
627 626 0.0532014983455
628 627 0.0574431590345
629 628 0.060907327182
630 629 0.0567041724984
631 630 0.0540892432393
632 631 0.0531808528151
633 632 0.0580123561826
634 633 0.0582781305496
635 634 0.0551407886399
636 635 0.0599207660785
637 636 0.0570070438087
638 637 0.0517213805712
639 638 0.0504094979279
640 639 0.0515083979866
641 640 0.0575487065884
642 641 0.0590330761648
643 642 0.0561983942654
644 643 2.91337608509
645 644 5.63583392647
