1 0 0.0644862312752
2 1 0.0609234513456
3 2 0.0602179820919
4 3 0.0598591751777
5 4 0.0572032597484
6 5 0.0582633546212
7 6 0.0536414258017
8 7 0.0545837517405
9 8 0.0528874642167
10 9 0.0581284773788
11 10 0.0601171545194
12 11 0.0601318659717
13 12 0.0583968580786
14 13 0.0635427689686
15 14 0.0623461190671
16 15 0.0547065263429
17 16 0.0507056880774
18 17 0.0511695244643
19 18 0.0484147719112
20 19 0.0526591582963
21 20 0.0481166630845
22 21 0.0511992749702
23 22 0.0493586486362
24 23 0.051785512825
25 24 0.0516137114398
26 25 0.052661946745
27 26 0.0548392546426
28 27 0.0548568421686
29 28 0.0543080275013
30 29 0.0556767724828
31 30 0.0611396339281
32 31 0.0645642660355
33 32 0.0640491236399
34 33 0.0685309022034
35 34 0.0681256128615
36 35 0.0742626418601
37 36 0.0758428178869
38 37 0.0833247115852
39 38 0.0863149996058
40 39 0.0887781189402
41 40 0.0948661730851
42 41 0.0974691470104
43 42 0.0974694475846
44 43 0.0926929600289
45 44 0.0863846490583
46 45 0.0800515628385
47 46 0.0758680335731
48 47 0.079025951783
49 48 0.0741297392034
50 49 0.0658872025128
51 50 0.0640893246676
52 51 0.0573093095638
53 52 0.0556600734656
54 53 0.0511617693943
55 54 0.0479448302199
56 55 0.045068727745
57 56 0.0414281056222
58 57 0.0395399619192
59 58 0.0402501650632
60 59 0.0450208981436
61 60 0.0431670364065
62 61 0.0476485327392
63 62 0.0472634717603
64 63 0.0541319231645
65 64 0.0528945259404
66 65 0.0590435321465
67 66 0.0614044488975
68 67 0.0678988436615
69 68 0.0737334954746
70 69 0.0761071980811
71 70 0.0845195919082
72 71 0.090526690558
73 72 0.0873080996324
74 73 3.95308682056
75 74 5.05813621797
76 75 4.67536763321
77 76 3.88643981821
78 77 4.93553012048
79 78 3.32777424979
80 79 0.0868190044155
81 80 0.0796880829495
82 81 0.0804508084411
83 82 0.0789527279779
84 83 0.0773874252575
85 84 0.0786555359169
86 85 0.0724505498432
87 86 0.0734481504724
88 87 0.0681208089299
89 88 0.0713740907682
90 89 0.0672084324148
91 90 0.0722061516867
92 91 0.0782170692117
93 92 0.0760500119376
94 93 0.0754724807733
95 94 0.072717983543
96 95 0.0752193422568
97 96 0.0732418174419
98 97 0.0765988997532
99 98 0.0704338957477
100 99 0.070423815364
101 100 0.0688375408673
102 101 0.0643132773159
103 102 0.0659387262253
104 103 0.058654332514
105 104 0.0559115465569
106 105 0.0485240755538
107 106 0.0447423706354
108 107 0.0452596447117
109 108 0.0406380392659
110 109 0.0416674462145
111 110 0.0388571908068
112 111 0.0400806486955
113 112 0.0391016447378
114 113 0.0402954279781
115 114 0.0424638266816
116 115 0.04499285246
117 116 0.0462469058114
118 117 0.0489204150172
119 118 0.0522559243618
120 119 0.0534614175717
121 120 0.0499768764554
122 121 0.0495545252807
123 122 0.0470884051617
124 123 0.0455052295025
125 124 0.0446394597749
126 125 0.0443349860777
127 126 0.045781178449
128 127 0.0426245252774
129 128 0.0464495236285
130 129 0.0430779021338
131 130 0.0447019727176
132 131 0.0422373515671
133 132 0.0372025268429
134 133 0.0363106180398
135 134 0.0388423438689
136 135 0.0437053729045
137 136 0.0507133264148
138 137 0.0576815313575
139 138 0.0605787322736
140 139 0.0651712993318
141 140 0.0612094756286
142 141 0.063479142315
143 142 0.0587928548529
144 143 0.0603747832225
145 144 0.0573814754193
146 145 0.0597936968461
147 146 0.0595433042056
148 147 0.0598995971255
149 148 0.0663216825198
150 149 0.0664078320479
151 150 0.068733060821
152 151 0.0667585524658
153 152 0.0653642256106
154 153 0.0642091731046
155 154 0.0673088367967
156 155 0.0666121626977
157 156 0.069537759107
158 157 0.0661031719697
159 158 0.0648687012149
160 159 0.0581396726087
161 160 0.0617707406461
162 161 0.062330505994
163 162 0.0564672238458
164 163 0.0512705153951
165 164 0.0469605903293
166 165 0.04710108985
167 166 0.0514431903474
168 167 0.051107948573
169 168 0.0530689800535
170 169 0.0530732136996
171 170 0.0543420303718
172 171 0.0550199910624
173 172 0.0541906514276
174 173 0.0581196040604
175 174 0.0569473575699
176 175 0.0597403129787
177 176 0.0590691995839
178 177 0.0593047999251
179 178 0.0563527330825
180 179 0.0552008822024
181 180 0.0528462457986
182 181 0.0529432565713
183 182 0.0524443241768
184 183 0.0515379215147
185 184 0.055193154752
186 185 0.0549351978063
187 186 0.0586965808164
188 187 0.0606778897308
189 188 0.0686675259281
190 189 0.0686900566438
191 190 0.0661365750744
192 191 0.0690334411283
193 192 0.0683815135846
194 193 0.0605558052251
195 194 0.0575913914318
196 195 0.0509237109411
197 196 0.0496976296388
198 197 0.0458513510771
199 198 0.0474603701261
200 199 0.0464015669527
201 200 0.04864122975
202 201 0.0500854760607
203 202 0.0519002928565
204 203 0.0522611788274
205 204 0.051529421648
206 205 0.0526719188571
207 206 0.0516242034423
208 207 0.0539946092342
209 208 0.0538868736086
210 209 0.0525421645226
211 210 0.0517476136826
212 211 0.0542703137218
213 212 0.0525175781382
214 213 0.0550813423131
215 214 0.053521437617
216 215 0.0561852274225
217 216 0.0564717762579
218 217 0.0564948303323
219 218 0.053294212764
220 219 0.0579889367368
221 220 0.06390397594
222 221 0.06812602126
223 222 0.0735585565888
224 223 0.0787948658049
225 224 0.0758715585035
226 225 0.0800614186405
227 226 0.075454395442
228 227 0.0721485103722
229 228 0.0661219004459
230 229 0.0642770135209
231 230 0.060105398302
232 231 0.0573855834921
233 232 0.0570763212837
234 233 0.0536200629035
235 234 0.0535984638561
236 235 0.0509001130779
237 236 0.0498727780941
238 237 0.0471163226885
239 238 0.0461124298482
240 239 0.0465357248682
241 240 0.0499318102286
242 241 0.0523888125809
243 242 0.0551695064031
244 243 0.0592922229938
245 244 0.0622411722884
246 245 0.0649702936727
247 246 0.0642604778128
248 247 0.0668597327255
249 248 0.0656194842814
250 249 0.0677012177962
251 250 0.0674034135508
252 251 0.068496169213
253 252 0.068752719649
254 253 0.0661806196393
255 254 0.0696119722786
256 255 0.0659237119635
257 256 0.0656284702058
258 257 0.0703122727588
259 258 0.0695020156805
260 259 0.0737222708454
261 260 0.0728724210612
262 261 0.0753454067995
263 262 0.0774173675975
264 263 0.0794041768537
265 264 0.0743048984064
266 265 0.0727017106629
267 266 0.0717972101105
268 267 0.0705791968128
269 268 0.0679661196717
270 269 0.0663423316018
271 270 0.0617359001104
272 271 0.0615241484572
273 272 0.0576806009376
274 273 0.0549251596727
275 274 0.0571878949061
276 275 0.0606209227619
277 276 0.0634922186017
278 277 0.0661822903185
279 278 0.0689335381026
280 279 0.0706659458395
281 280 0.0760908394018
282 281 0.0785623007686
283 282 0.0841329492157
284 283 0.0810100785994
285 284 0.0774821412615
286 285 0.0829269383716
287 286 0.085995853773
288 287 0.0817865104892
289 288 0.084896563205
290 289 3.0629999127
291 290 2.15674387218
292 291 0.0896002502436
293 292 0.0890463258309
294 293 0.0829368840076
295 294 0.0808502228929
296 295 0.0804448545387
297 296 0.0745819763186
298 297 0.0708726101502
299 298 0.0666468959792
300 299 0.0671533598723
301 300 0.0628272625292
302 301 0.0632502729188
303 302 0.0611390335129
304 303 0.061249788855
305 304 0.0619336694833
306 305 0.0614280353943
307 306 0.0634463654168
308 307 0.0620956928894
309 308 0.0643449729965
310 309 0.0619776085831
311 310 0.0638516068568
312 311 0.0624834531125
313 312 0.0632610301422
314 313 0.0660029639054
315 314 0.0621734002843
316 315 0.0625811169494
317 316 0.0597330683397
318 317 0.0599807077893
319 318 0.0576481828805
320 319 0.0572068518988
321 320 0.0553990374062
322 321 0.0566706562436
323 322 0.0560467758554
324 323 0.057193116541
325 324 0.0589281002346
326 325 0.0644314459509
327 326 0.0646530663338
328 327 0.0692728195035
329 328 0.0645237026137
330 329 0.0590336767211
331 330 0.0562827561439
332 331 0.056137983144
333 332 0.0560758547695
334 333 0.0542462320362
335 334 0.0547839988508
336 335 0.0518560046917
337 336 0.0470022757771
338 337 0.0507566277236
339 338 0.0530564149165
340 339 0.0599151328265
341 340 0.0610200190408
342 341 0.0608555818572
343 342 0.0610988732248
344 343 0.066782615965
345 344 0.065148583642
346 345 0.0584256528964
347 346 0.0567231992251
348 347 0.0558794354984
349 348 0.0508277216557
350 349 0.051805489267
351 350 0.0472319085257
352 351 0.0502364429131
353 352 0.0477855961175
354 353 0.0492177388586
355 354 0.0483116515335
356 355 0.0498457450671
357 356 0.0533344713729
358 357 0.0496057470647
359 358 0.0468945931723
360 359 0.0432648220675
361 360 0.0427656440578
362 361 0.0451588231908
363 362 0.0436171793163
364 363 0.047873823456
365 364 0.0522965252037
366 365 0.0568699219002
367 366 0.0584494375517
368 367 0.0629023154209
369 368 0.0659780385694
370 369 0.0729315573342
371 370 0.0782051783197
372 371 0.074314964097
373 372 0.070628620476
374 373 0.069790453454
375 374 0.063382818977
376 375 0.0600188472942
377 376 0.0531607178523
378 377 0.0491462879384
379 378 0.0451935942705
380 379 0.0393966219147
381 380 0.0370446728398
382 381 0.0372092513428
383 382 0.0420675874578
384 383 0.0425951252362
385 384 0.045347162589
386 385 0.0467675079918
387 386 0.0529316940591
388 387 0.05511940487
389 388 0.0616239494822
390 389 0.0635829150079
391 390 0.0690808923688
392 391 0.0733834664204
393 392 0.072397101301
394 393 0.0774007622745
395 394 0.0788634494078
396 395 0.0811915764936
397 396 0.0768820650035
398 397 0.0727855427733
399 398 0.073586107632
400 399 0.0687855370092
401 400 0.0689521803197
402 401 0.0639977930395
403 402 0.0658672993715
404 403 0.0625134572552
405 404 0.0658333416433
406 405 0.0629649495542
407 406 0.0675725711267
408 407 0.0701474883909
409 408 0.069722359591
410 409 0.0761977297475
411 410 0.0778542516379
412 411 0.0784643535299
413 412 0.0715388652954
414 413 0.0679742253125
415 414 0.0653685466533
416 415 0.0679085885242
417 416 0.0661785663039
418 417 0.069200891212
419 418 0.0669910046232
420 419 0.0703139018349
421 420 0.0669751833871
422 421 0.0703832945435
423 422 0.0697386216811
424 423 0.0661554375469
425 424 0.0706426662231
426 425 0.0678328146978
427 426 0.0734760749024
428 427 0.0772861555989
429 428 0.0770605659628
430 429 0.0715444807238
431 430 0.0681793673654
432 431 0.0613297548648
433 432 0.0567616145682
434 433 0.0502008823155
435 434 0.0479027282046
436 435 0.0422645364827
437 436 0.0410035571838
438 437 0.0364907885323
439 438 0.0357959627033
440 439 0.0364388808062
441 440 0.0324566959007
442 441 0.0299523782778
443 442 0.0270584218302
444 443 0.0251368954719
445 444 0.0253008821318
446 445 0.0240374273389
447 446 0.0229402885325
448 447 0.0236126022367
449 448 0.0262274057692
450 449 0.0286080737486
451 450 0.0320754060249
452 451 0.036639978346
453 452 0.0394938960339
454 453 0.0453405159943
455 454 0.0490059657351
456 455 0.0557447529786
457 456 0.0592066364326
458 457 0.0635765257992
459 458 0.0609786850121
460 459 0.0610454662803
461 460 0.0570962384843
462 461 0.0522499138221
463 462 0.0487866270221
464 463 0.0493131306779
465 464 0.0462419647687
466 465 0.041141793934
467 466 0.0389083864261
468 467 0.0390227794084
469 468 0.0393258626
470 469 0.0367614436834
471 470 0.037619646738
472 471 0.0348249640998
473 472 0.0379225172259
474 473 0.035150137351
475 474 0.0376854459009
476 475 0.0435005372977
477 476 0.0424540678615
478 477 0.0407062945633
479 478 0.0349934752341
480 479 0.0331254648128
481 480 0.035135168554
482 481 0.0336231792649
483 482 0.0340081723799
484 483 0.0330297988619
485 484 0.0338253705167
486 485 0.0365806599428
487 486 0.037865438187
488 487 0.0430857934584
489 488 0.0467209024092
490 489 0.0431693326892
491 490 0.0466173535965
492 491 0.0414932073567
493 492 0.0357193550944
494 493 0.0317525659357
495 494 0.0289848021108
496 495 0.025796847647
497 496 0.0261730697987
498 497 0.0250589973791
499 498 0.0256170629447
500 499 0.0261173991153
501 500 0.0264213089394
502 501 0.0279664699463
503 502 0.0284144334432
504 503 0.0289954090791
505 504 0.0311895743769
506 505 0.0329085112892
507 506 0.0335222912048
508 507 0.0375551614703
509 508 0.03722405643
510 509 0.0418924950604
511 510 0.0418869761934
512 511 0.0465011694452
513 512 0.0479009852305
514 513 0.0529078145148
515 514 0.0556866840664
516 515 0.0614033342804
517 516 0.0652882930006
518 517 0.0683565988745
519 518 0.0750303795312
520 519 0.0739652708526
521 520 0.0730396030884
522 521 0.0666291248396
523 522 0.0627152491365
524 523 0.0579596912239
525 524 0.0555832908851
526 525 0.0516593024202
527 526 0.0488649824523
528 527 0.0452675047076
529 528 0.0417756151737
530 529 0.0393372790736
531 530 0.0346953473176
532 531 0.0333924956835
533 532 0.0297751852946
534 533 0.0293124162828
535 534 0.0306491665703
536 535 0.0287016889278
537 536 0.0271940024084
538 537 0.0272266632732
539 538 0.028012608061
540 539 0.0274964689706
541 540 0.0295068975861
542 541 0.0295361714694
543 542 0.032162369884
544 543 0.034410736666
545 544 0.0397350987456
546 545 0.0458501373583
547 546 0.0504205293665
548 547 0.0525109390149
549 548 0.0475773450666
550 549 0.0532625747977
551 550 0.050298280394
552 551 0.0447233467104
553 552 0.0441258007613
554 553 0.0466305704166
555 554 0.0468447473007
556 555 0.0507808011355
557 556 0.0516427981051
558 557 0.0537495449186
559 558 0.0492591065576
560 559 0.0487486888001
561 560 0.0430301780032
562 561 0.0417880556791
563 562 0.0389246032827
564 563 0.036198653357
565 564 0.0353141629718
566 565 0.0367808802543
567 566 0.0445198271937
568 567 0.0487150909125
569 568 0.042488766369
570 569 0.0442608038347
571 570 0.0403692446818
572 571 0.0407692621145
573 572 0.0388879210473
574 573 0.0384124512819
575 574 0.0374566015214
576 575 0.037335813875
577 576 0.0384362926194
578 577 0.0379467592752
579 578 0.0416799230737
580 579 0.0413560102243
581 580 0.0386367683974
582 581 0.0415792519781
583 582 0.0443290956458
584 583 0.0424830280619
585 584 0.0431308062826
586 585 0.0428478246731
587 586 0.0404837532674
588 587 0.0371909177945
589 588 0.0346362837611
590 589 0.0330168370859
591 590 0.031051002261
592 591 0.0334997714938
593 592 0.0358095776241
594 593 0.0344787465438
595 594 0.0342843054856
596 595 0.0383317451805
597 596 0.0406895993689
598 597 0.0391759121329
599 598 0.040599921836
600 599 0.0460995101263
601 600 0.0473964242549
602 601 0.0452589052252
603 602 0.0497162305003
604 603 0.0522820578412
605 604 0.0541322074941
606 605 0.0538316689363
607 606 0.0484236596882
608 607 0.048747909798
609 608 0.0530053986929
610 609 0.0593525935355
611 610 0.0665639922737
612 611 0.0660092727312
613 612 0.0616358492965
614 613 0.0621253604555
615 614 0.0629094751246
616 615 0.0556600090169
617 616 0.054280855979
618 617 0.0586844390602
619 618 0.0557728192394
620 619 0.0492233848134
621 620 0.0515495484664
622 621 0.0531030211512
623 622 0.0592695496542
624 623 0.0588299176296
625 624 0.0645006253392
626 625 0.0651690670675
627 626 0.0692632802971
628 627 0.072481165707
629 628 0.0760231794207
630 629 0.0701698221905
631 630 0.0687857482046
632 631 0.0674470196341
633 632 0.0729618373662
634 633 0.0746020621674
635 634 0.0706615486065
636 635 0.0757937263911
637 636 0.0715530316289
638 637 0.0653228809105
639 638 0.0627378999826
640 639 0.062890186866
641 640 0.0677801080733
642 641 0.0681076683931
643 642 0.0633376741876
644 643 3.40360625591
645 644 4.71624699773
