650 0 6.36336562118
651 1 5.74334826481
652 2 5.47576832588
653 3 5.53271639675
654 4 5.33812425132
655 5 5.74106503054
656 6 6.23015609996
657 7 6.1747396572
658 8 6.50115750908
659 9 6.93769322662
660 10 7.50005602124
661 11 7.4973090989
662 12 7.72656227894
663 13 8.63145728065
664 14 9.31535646981
665 15 9.81785901652
666 16 9.641908057
667 17 10.2715170662
668 18 9.70268840247
669 19 8.56769881198
670 20 8.74696232799
671 21 9.17887272452
672 22 8.44358596416
673 23 7.54416201077
674 24 8.03940366812
675 25 8.42204989628
676 26 7.42921400115
677 27 7.1097122532
678 28 7.32034860315
679 29 8.09959200669
680 30 8.37151250718
681 31 9.12228160542
682 32 8.94387772269
683 33 9.65804741379
684 34 9.91416257112
685 35 10.0439896865
686 36 11.2804692123
687 37 11.162001074
688 38 10.4077453729
689 39 11.2405879513
690 40 12.3150159876
691 41 11.6673097469
692 42 11.2683556504
693 43 12.0297706524
694 44 11.9289515922
695 45 12.5100665248
696 46 12.6285968458
697 47 11.9463765782
698 48 10.9604943719
699 49 11.2428727292
700 50 11.3439633972
701 51 10.1073485917
702 52 9.65907517923
703 53 10.3157115203
704 54 10.0241833205
705 55 8.73479442162
706 56 8.64484718918
707 57 9.4791987716
708 58 8.64257353061
709 59 7.61488608888
710 60 8.0584906234
711 61 8.52033502994
712 62 7.43709508995
713 63 6.72508604222
714 64 7.59935428479
715 65 7.43260433071
716 66 6.31714372168
717 67 6.58955269829
718 68 7.26798617347
719 69 6.56666531862
720 70 6.00937648948
721 71 7.61026387899
722 72 8.49318012276
723 73 7.84401208812
724 74 8.3533670392
725 75 8.81652971257
726 76 8.69987126593
727 77 3.79303923106
728 78 3.43208283233
729 79 0.0753491101709
730 80 0.0755845144575
731 81 0.0737294234751
732 82 0.0753597935648
733 83 0.0721090977687
734 84 0.0705075810681
735 85 0.0677323263468
736 86 0.0671681114642
737 87 0.064866409996
738 88 0.0607253231723
739 89 0.0584200372361
740 90 0.0545867636426
741 91 0.0538856096949
742 92 0.0505117222591
743 93 0.0481733355824
744 94 0.0470469825991
745 95 0.0438770378224
746 96 0.0431392377365
747 97 0.0438970503033
748 98 0.0417474943217
749 99 0.0436236230531
750 100 0.0442831359007
751 101 0.0455269272674
752 102 0.0489108560617
753 103 0.0488940257803
754 104 0.0498667530069
755 105 0.050138368546
756 106 0.049099036635
757 107 0.0562902758944
758 108 0.0564594117341
759 109 0.0565779449344
760 110 0.0481644897244
761 111 0.0460713889617
762 112 0.0389194195805
763 113 0.0360317294796
764 114 0.0381475817702
765 115 0.0440456242531
766 116 0.0455279154461
767 117 0.0489603803675
768 118 0.0508928419183
769 119 0.0505539543414
770 120 0.053301612244
771 121 0.0509900337439
772 122 0.0513870924804
773 123 0.0458791560867
774 124 0.0462509624973
775 125 0.0477838863613
776 126 0.0444073699119
777 127 0.0430324322895
778 128 0.040329753653
779 129 0.0374304114373
780 130 0.0363702007756
781 131 0.0341750292055
782 132 0.0339164362593
783 133 0.0328543415861
784 134 0.0331357033782
785 135 0.0335616277317
786 136 0.0348226905422
787 137 0.037793996605
788 138 0.0392109705817
789 139 0.0431162835335
790 140 0.0389924959153
791 141 0.0329256860024
792 142 0.0342545610062
793 143 0.0330530627645
794 144 0.0300880851388
795 145 0.0301941997631
796 146 0.0288615832765
797 147 0.0289913972878
798 148 0.0306524742905
799 149 0.0309485221235
800 150 0.0326786771178
801 151 0.0355258654213
802 152 0.037282105211
803 153 0.0404833768212
804 154 0.0427487482686
805 155 3.42459188416
806 156 3.45313422007
807 157 3.40315997645
808 158 3.61029156096
809 159 3.97944234624
810 160 4.25827488591
811 161 4.84265585455
812 162 5.26961003296
813 163 6.05370048627
814 164 6.74559591181
815 165 7.04076491911
816 166 7.7157974814
817 167 8.14082763197
818 168 9.066051143
819 169 9.41860258511
820 170 9.6045843942
821 171 9.05208256952
822 172 8.48415573286
823 173 7.60757183615
824 174 6.94551745314
825 175 6.18241343786
826 176 5.45740336907
827 177 4.81206278413
828 178 4.3531719872
829 179 3.98566684257
830 180 3.419461735
831 181 3.17523964676
832 182 3.15322778945
833 183 3.28058101256
834 184 3.66282307932
835 185 3.78619163764
836 186 3.59312008063
837 187 3.65334655049
838 188 3.72555917131
839 189 4.38850240266
840 190 4.53216070081
841 191 5.03763986251
842 192 4.98188041078
843 193 5.41365940033
844 194 5.74481710152
845 195 6.21695538018
846 196 7.0216325771
847 197 7.53949126086
848 198 8.45284313148
849 199 8.45304677107
850 200 8.14049920008
851 201 8.23565126634
852 202 7.41585389158
853 203 7.31381231504
854 204 7.0895894613
855 205 7.83662035158
856 206 8.11572033051
857 207 8.33107068193
858 208 7.5656187648
859 209 6.78886194018
860 210 6.37437828366
861 211 5.82225073538
862 212 5.67104230276
863 213 5.36705964223
864 214 5.02875811937
865 215 4.55088784731
866 216 3.95310316858
867 217 3.64674414723
868 218 3.37592836859
869 219 3.23391928312
870 220 3.26171587334
871 221 3.67707519997
872 222 4.42804008454
873 223 4.90797120958
874 224 5.26811134883
875 225 5.91145946087
876 226 6.31733518154
877 227 7.18496081247
878 228 7.44298593746
879 229 8.35868220612
880 230 8.45651394842
881 231 9.30617919378
882 232 9.34205617135
883 233 9.2697394799
884 234 8.81416993511
885 235 7.9570890256
886 236 7.58678586672
887 237 6.86251490467
888 238 6.23193143153
889 239 5.67958907168
890 240 5.17977448167
891 241 5.04944461763
892 242 4.75492690431
893 243 4.95245565309
894 244 4.44038069579
895 245 4.80133152994
896 246 4.97745773571
897 247 4.51992347937
898 248 5.05199131315
899 249 4.40202109976
900 250 4.87502686283
901 251 4.47116037312
902 252 4.68383361374
903 253 4.80888468213
904 254 5.50993602161
905 255 5.764760822
906 256 6.54412755354
907 257 6.90716377429
908 258 7.74001967255
909 259 8.43121468539
910 260 9.12559880343
911 261 8.82928106839
912 262 9.57734953707
913 263 9.07559580746
914 264 8.64311515232
915 265 8.23540358652
916 266 7.90065879385
917 267 7.52518330349
918 268 7.68486272321
919 269 7.54723499342
920 270 7.92019514748
921 271 7.91060374918
922 272 7.55102543986
923 273 7.89634387016
924 274 7.52193973712
925 275 7.60060276948
926 276 7.82076479851
927 277 8.54791159403
928 278 8.90351589144
929 279 8.6223372316
930 280 9.3025627469
931 281 9.15467993676
932 282 9.8760046529
933 283 10.1864592899
934 284 10.4613850321
935 285 9.64533424349
936 286 9.18953896219
937 287 9.46621112342
938 288 9.0515760159
939 289 9.30805944281
940 290 8.77465501167
941 291 9.05202095668
942 292 8.86247005149
943 293 8.4885305552
944 294 8.89132821668
945 295 8.73169841574
946 296 9.31029660047
947 297 9.17256191979
948 298 8.93025069835
949 299 9.20162676056
950 300 9.69581168998
951 301 9.74737352508
952 302 9.15977377482
953 303 8.79252156715
954 304 8.29952879141
955 305 7.93269839939
956 306 7.68644400281
957 307 7.29222580112
958 308 7.25437013313
959 309 6.8701763759
960 310 6.82860229938
961 311 6.44935672966
962 312 6.24309896708
963 313 6.50182348986
964 314 5.84885362799
965 315 5.37610430343
966 316 5.19033357862
967 317 5.03296816367
968 318 4.80314070456
969 319 4.73264677142
970 320 4.75422718033
971 321 4.48328637655
972 322 4.32150601672
973 323 4.38722951428
974 324 4.44489172606
975 325 4.31273566651
976 326 4.59213683274
977 327 4.56841072938
978 328 4.31706416715
979 329 4.61955247418
980 330 4.88326093084
981 331 4.92371116474
982 332 5.28158654829
983 333 5.75281153022
984 334 5.77429960274
985 335 5.49548567181
986 336 5.09951690397
987 337 5.13969271557
988 338 5.25728210749
989 339 5.214528919
990 340 5.40385417588
991 341 5.27136518219
992 342 4.9270595549
993 343 4.92827034137
994 344 4.71255594358
995 345 4.41405096102
996 346 4.45972712242
997 347 4.84265591541
998 348 4.70946801635
999 349 4.36519534412
1000 350 4.62609613393
1001 351 5.00693350769
1002 352 4.75612052026
1003 353 4.82185549101
1004 354 5.25623115452
1005 355 5.38737541983
1006 356 5.43906591551
1007 357 5.8048430691
1008 358 6.22526144321
1009 359 6.26936905997
1010 360 6.43861898117
1011 361 6.10974407063
1012 362 6.00320646543
1013 363 6.78036421618
1014 364 6.77240292983
1015 365 6.04267836894
1016 366 6.21505402675
1017 367 6.14862035129
1018 368 6.00772148025
1019 369 5.31598041306
1020 370 5.13294142547
1021 371 5.20851405378
1022 372 4.84864435904
1023 373 4.46420284183
1024 374 4.52268739805
1025 375 4.43119303538
1026 376 4.16445490162
1027 377 4.20881033483
1028 378 4.28690478698
1029 379 4.30112597385
1030 380 4.35068047635
1031 381 4.36933023624
1032 382 4.45466376956
1033 383 4.64074513644
1034 384 4.65918502653
1035 385 4.58460310648
1036 386 4.72235330524
1037 387 4.83795814525
1038 388 4.83759189953
1039 389 5.05079150767
1040 390 5.42966740721
1041 391 5.68180256073
1042 392 5.3900612319
1043 393 5.54204366308
1044 394 5.21156690605
1045 395 5.39581620911
1046 396 5.5116304898
1047 397 5.34611914189
1048 398 5.06628640324
1049 399 5.22767472708
1050 400 5.68190106898
1051 401 6.12033105448
1052 402 5.88943508482
1053 403 6.14571225569
1054 404 6.50505015035
1055 405 6.47121880801
1056 406 5.83892649355
1057 407 5.71716264551
1058 408 6.1466014529
1059 409 5.83785293349
1060 410 5.3115386962
1061 411 5.59926899034
1062 412 5.72847725114
1063 413 5.15939324078
1064 414 5.00587653671
1065 415 5.54223821907
1066 416 5.39967932084
1067 417 4.9391792775
1068 418 5.31604244017
1069 419 5.563496437
1070 420 5.02396928156
1071 421 4.80852583429
1072 422 5.02418512338
1073 423 4.9364191325
1074 424 5.16730390067
1075 425 5.75512299768
1076 426 5.7654332108
1077 427 5.24764846993
1078 428 5.48497428602
1079 429 6.19663100459
1080 430 6.12092665636
1081 431 5.88721236286
1082 432 6.46743535629
1083 433 6.90868760174
1084 434 6.6431689304
1085 435 6.84394217865
1086 436 7.56634866364
1087 437 7.84782727274
1088 438 7.60856724202
1089 439 7.56102577451
1090 440 8.1691210979
1091 441 8.96326684559
1092 442 9.65558321337
1093 443 9.8385564985
1094 444 9.14973553213
1095 445 8.74921732192
1096 446 7.99776049799
1097 447 7.91640003047
1098 448 7.44726771561
1099 449 7.35103215421
1100 450 6.8424618379
1101 451 7.16185968891
1102 452 7.1235736235
1103 453 6.60379964152
1104 454 6.95153946896
1105 455 7.63703203229
1106 456 8.13102476935
1107 457 9.82519245263
1108 458 11.3721835086
1109 459 12.5359952572
1110 460 12.7723938882
1111 461 13.1961328201
1112 462 12.6624138124
1113 463 10.72738628
1114 464 9.8585065686
1115 465 9.75653524765
1116 466 9.21245215575
1117 467 8.7565831776
1118 468 8.78826473961
1119 469 8.8664662562
1120 470 8.24585246119
1121 471 7.71710069111
1122 472 7.97051547544
1123 473 7.95799589552
1124 474 7.24531071994
1125 475 7.07619089752
1126 476 7.5303401206
1127 477 7.13576019868
1128 478 6.54585619186
1129 479 6.94596043592
1130 480 7.20892717981
1131 481 6.48891015612
1132 482 6.55525858409
1133 483 7.39704189708
1134 484 7.5742550042
1135 485 6.90607063586
1136 486 7.06989025461
1137 487 7.98863430662
1138 488 8.28730715297
1139 489 7.53813988727
1140 490 7.73315444972
1141 491 8.6616588535
1142 492 8.77191856533
1143 493 8.17477135096
1144 494 8.83431465023
1145 495 9.337113767
1146 496 8.63695965972
1147 497 8.46290162892
1148 498 9.33289735679
1149 499 9.40023207184
1150 500 8.80226663281
1151 501 9.12738970985
1152 502 9.90960086109
1153 503 9.71555542795
1154 504 9.44881852676
1155 505 10.0774172086
1156 506 10.6184426711
1157 507 10.3612484952
1158 508 10.0542154851
1159 509 10.7604987621
1160 510 10.7913566415
1161 511 10.1041446482
1162 512 10.2172579023
1163 513 9.50154286776
1164 514 9.21739774
1165 515 8.51076273448
1166 516 8.70797257081
1167 517 9.15820121161
1168 518 8.57261277131
1169 519 8.06534209437
1170 520 8.53817566056
1171 521 8.834141172
1172 522 8.18125445986
1173 523 8.13225961788
1174 524 8.85265544909
1175 525 8.71031203407
1176 526 8.23299270643
1177 527 8.90943559249
1178 528 9.39590708381
1179 529 9.76914309911
1180 530 9.70243143638
1181 531 10.403898332
1182 532 11.0807132869
1183 533 11.2490870607
1184 534 10.498018025
1185 535 10.1789931147
1186 536 10.7137881035
1187 537 10.5027224659
1188 538 9.75383404596
1189 539 9.91696174303
1190 540 10.4776291849
1191 541 9.9610371332
1192 542 9.45173000191
1193 543 9.57542723605
1194 544 9.56435453894
1195 545 9.33991595529
1196 546 8.55603426754
1197 547 8.4312020297
1198 548 8.69452680158
1199 549 8.68072425987
1200 550 9.01619707189
1201 551 9.3530535154
1202 552 8.90362782644
1203 553 8.27109631026
1204 554 7.84713727573
1205 555 7.1692276524
1206 556 7.46441029091
1207 557 7.78126020618
1208 558 7.15028390567
1209 559 7.10254066323
1210 560 7.77443032067
1211 561 7.76039732283
1212 562 7.15159369755
1213 563 7.52300845786
1214 564 8.10205796312
1215 565 7.61634295777
1216 566 7.37978459827
1217 567 8.10886685093
1218 568 8.2949056937
1219 569 7.79448512903
1220 570 8.09051881287
1221 571 8.80536712509
1222 572 8.599266758
1223 573 8.89377309308
1224 574 8.48774954321
1225 575 8.95350106219
1226 576 8.8549795398
1227 577 8.09769621976
1228 578 7.96010707057
1229 579 8.18619630614
1230 580 7.85360692295
1231 581 7.23105305933
1232 582 7.34031709783
1233 583 7.50025632411
1234 584 6.96158614753
1235 585 6.56596458141
1236 586 6.85764480644
1237 587 6.89477156409
1238 588 6.46720759364
1239 589 6.84803447452
1240 590 6.45838585612
1241 591 6.22452772875
1242 592 6.01736589947
1243 593 5.78825310047
1244 594 6.02512138104
1245 595 6.06707926275
1246 596 5.9921287893
1247 597 5.64104775968
1248 598 6.09499014569
1249 599 6.30521507118
1250 600 5.75921494663
1251 601 5.62025504559
1252 602 6.24246096124
1253 603 6.24026184896
1254 604 5.62502101275
1255 605 5.83755707541
1256 606 6.42684990532
1257 607 6.22687591741
1258 608 5.843093973
1259 609 6.33686703672
1260 610 6.72285718786
1261 611 6.36019406618
1262 612 6.50377756452
1263 613 7.15479528432
1264 614 7.36745206907
1265 615 8.01158008861
1266 616 7.80751753347
1267 617 7.57366642067
1268 618 7.88915860922
1269 619 7.50368399184
1270 620 6.68733248917
1271 621 7.3629402022
1272 622 7.53804896789
1273 623 8.22970584768
1274 624 8.16337191818
1275 625 8.7305477394
1276 626 8.68658630191
1277 627 9.32993600975
1278 628 9.17106839077
1279 629 9.88433423309
1280 630 9.77410478334
1281 631 9.75277296714
1282 632 10.4804155043
1283 633 10.0601560049
1284 634 9.55497376923
1285 635 8.77415401685
1286 636 8.66661518838
1287 637 7.90405894238
1288 638 7.73045086953
1289 639 6.99036289713
1290 640 6.85988824344
1291 641 6.43892949803
1292 642 6.63662306378
1293 643 6.75449247675
1294 644 6.74677272149
1295 645 6.50821025839
1296 646 6.31274968335
1297 647 6.48642828537
1298 648 6.87072504359
1299 649 7.0598238081
1300 650 7.50863263243
1301 651 7.73982883118
1302 652 8.21981243022
1303 653 8.52617880744
1304 654 8.8242754798
1305 655 8.68382961191
1306 656 9.01650772826
1307 657 9.12213777851
1308 658 9.02381533084
1309 659 9.15277255621
1310 660 8.69892393703
1311 661 8.97398791213
1312 662 8.50224275681
1313 663 8.76046168491
1314 664 8.47823923985
1315 665 7.69608547647
1316 666 7.01891726043
1317 667 6.84782157994
1318 668 6.67475566753
1319 669 6.84993163206
1320 670 7.18098776464
1321 671 7.05676257231
1322 672 7.35244714411
1323 673 7.31450504374
1324 674 7.60723534897
1325 675 7.71147867753
1326 676 8.13111153526
1327 677 8.48358470556
1328 678 8.66452015153
1329 679 9.1498025696
1330 680 9.21657265225
1331 681 8.99440030051
1332 682 9.47444025979
1333 683 10.2205808158
1334 684 10.9859035349
1335 685 11.9368616533
1336 686 11.9879072615
1337 687 13.1156529942
1338 688 13.4489796466
1339 689 12.609593114
1340 690 12.3017316352
1341 691 11.1887337639
1342 692 10.802106022
1343 693 9.70748381581
1344 694 9.43084245687
1345 695 8.54452771946
1346 696 8.78841680128
1347 697 8.32874598254
1348 698 8.42401029015
1349 699 8.9653637129
1350 700 8.42913969195
1351 701 8.52630788032
1352 702 7.9864281745
1353 703 7.18279022509
1354 704 6.4647784998
1355 705 6.00301006974
1356 706 6.23037834316
1357 707 5.99143396273
1358 708 5.86412818451
1359 709 6.25606875319
1360 710 6.48257776418
1361 711 6.74070122296
1362 712 7.40185580154
1363 713 8.28639144617
1364 714 8.52430247541
1365 715 9.64172053473
1366 716 10.1205762343
1367 717 11.2805866013
1368 718 11.8989466162
1369 719 13.0993765978
1370 720 13.7830573571
1371 721 14.4503049868
1372 722 15.4342566368
1373 723 16.6963605443
1374 724 16.4042986579
1375 725 15.3259723911
1376 726 14.4338242783
1377 727 14.4161339111
1378 728 13.4635786338
1379 729 12.3905144374
1380 730 11.1652892611
1381 731 10.1996743162
1382 732 9.41295102277
1383 733 8.49106615032
1384 734 7.61063743041
1385 735 6.84609497051
1386 736 6.28921426744
1387 737 5.74060567241
1388 738 5.50263172426
1389 739 5.83533852433
1390 740 6.17261165453
1391 741 6.91999918928
1392 742 6.9758697805
1393 743 7.39419824012
1394 744 7.72464452456
1395 745 8.45916708377
1396 746 8.83592817051
1397 747 9.14742637798
1398 748 9.74772810461
1399 749 10.3824377829
1400 750 10.8521185799
1401 751 10.9866468896
1402 752 11.4228020186
1403 753 12.7392579518
1404 754 12.8652199276
1405 755 12.2073878654
1406 756 11.8828064153
1407 757 11.4295930968
1408 758 11.8424059095
1409 759 10.7184917219
1410 760 9.6109753665
1411 761 9.28345733028
1412 762 8.18337549369
1413 763 8.46931916642
1414 764 7.85720361556
1415 765 8.7314918811
1416 766 7.99562342157
1417 767 7.20028633042
1418 768 6.98619794741
1419 769 6.58891834132
1420 770 6.87335886922
1421 771 7.75166477299
1422 772 8.33130279251
1423 773 9.40677780694
1424 774 10.1125422563
1425 775 11.2616986569
1426 776 12.1356442344
1427 777 13.4006868945
1428 778 13.747227347
1429 779 13.4477237993
1430 780 14.3829586343
1431 781 14.9761657257
1432 782 15.619600824
1433 783 14.5827317647
1434 784 13.2538276665
1435 785 12.6732352567
1436 786 11.7061838032
1437 787 10.745869005
1438 788 9.73707369073
1439 789 8.70173661456
1440 790 7.72490390762
1441 791 6.87749394535
1442 792 6.12232758961
1443 793 5.77363451158
1444 794 5.57673656356
1445 795 5.74409874808
1446 796 6.15115811661
1447 797 6.13658160942
1448 798 6.60373433539
1449 799 6.71303446559
1450 800 6.30274607578
1451 801 6.61430245353
1452 802 7.13183978533
1453 803 7.20050281763
1454 804 8.04817678262
1455 805 8.93516771752
1456 806 9.80749600402
1457 807 10.8716098299
1458 808 11.7354054422
1459 809 12.8579493587
1460 810 12.7784362665
1461 811 13.905128907
1462 812 13.763966622
1463 813 12.5494842828
1464 814 12.8749133229
1465 815 12.8376327756
1466 816 11.7336480834
1467 817 10.9934875382
1468 818 9.87733168442
1469 819 9.4212251514
1470 820 8.45995244265
1471 821 8.19136298017
1472 822 7.73723145497
1473 823 7.83287911683
1474 824 9.90410649538
1475 825 10.6531493851
1476 826 14.8905671343
1477 827 14.508486408
1478 828 13.2118568739
1479 829 12.2455646941
1480 830 11.8181899692
1481 831 11.3003486837
1482 832 11.7340317231
1483 833 12.3804578308
1484 834 12.9312749145
1485 835 14.6444347083
1486 836 15.0162444246
1487 837 14.4346179215
1488 838 13.2627773899
1489 839 12.1952565508
1490 840 12.5488772482
1491 841 12.1995655663
1492 842 10.9772999132
1493 843 10.8255190748
1494 844 11.281437335
1495 845 10.6137009329
1496 846 10.39498563
1497 847 10.9463848872
1498 848 11.8210644582
1499 849 12.5175338881
1500 850 13.9347223531
1501 851 14.7322229763
1502 852 16.1282197423
1503 853 15.8792829072
1504 854 16.7131190096
1505 855 15.961415681
1506 856 17.0250572349
1507 857 17.1226671673
1508 858 17.2449214095
1509 859 16.1872484671
1510 860 15.4476700722
1511 861 15.857120754
1512 862 15.494085163
1513 863 14.176840508
1514 864 14.0977990828
1515 865 14.6705951495
1516 866 13.9022035298
1517 867 14.1194292766
1518 868 13.0700616117
1519 869 12.9766106989
1520 870 13.2870498671
1521 871 13.3838834918
1522 872 13.6827070607
1523 873 13.8875649233
1524 874 14.5021280922
1525 875 14.0769527363
1526 876 14.7398961623
1527 877 14.2532810891
1528 878 15.2778314497
1529 879 15.080587185
1530 880 14.1696238429
1531 881 14.3852915145
1532 882 13.5003543041
1533 883 13.8231036886
1534 884 13.4369402246
1535 885 12.9070746312
1536 886 12.4844923799
1537 887 12.4463868432
1538 888 13.1145907225
1539 889 13.057599482
1540 890 13.957222237
1541 891 13.8589615916
1542 892 14.8285463617
1543 893 14.7757507707
1544 894 15.6339988665
1545 895 15.7149391263
1546 896 15.1587182639
1547 897 15.399398356
1548 898 14.8347030116
1549 899 14.7533250718
1550 900 14.3560154575
1551 901 14.9083689367
1552 902 14.8036908378
1553 903 15.4690632329
1554 904 15.2983979432
1555 905 16.0711742616
1556 906 16.1395692548
1557 907 16.4356743536
1558 908 15.8161061559
1559 909 14.9952738854
1560 910 14.0838832047
1561 911 13.6365814192
1562 912 12.5309747798
1563 913 12.1963339465
1564 914 11.228837105
1565 915 10.9330805133
1566 916 11.2220961042
1567 917 10.5067040285
1568 918 10.6004435477
1569 919 11.3565038638
1570 920 11.6578442952
1571 921 11.5619265087
1572 922 11.7526249413
1573 923 12.6358836145
1574 924 13.0402021002
1575 925 14.3802371622
1576 926 15.0193420005
1577 927 15.8067901978
1578 928 15.3412812181
1579 929 14.9470303743
1580 930 13.9696991551
1581 931 13.9531446122
1582 932 12.8173459934
1583 933 12.5264579025
1584 934 11.9357190987
1585 935 12.1113256154
1586 936 12.7565618539
1587 937 12.2388966636
1588 938 11.8889341922
1589 939 13.0159778108
1590 940 13.5045385441
1591 941 14.6013222713
1592 942 15.3293700743
1593 943 15.9227894589
1594 944 16.4223106972
1595 945 15.700567577
1596 946 14.6425058884
1597 947 13.6772705687
1598 948 12.5764359836
1599 949 11.6161828096
1600 950 10.9090750036
1601 951 10.5718186671
1602 952 10.8319087266
1603 953 11.3125995974
1604 954 11.283215648
1605 955 12.1745763004
1606 956 12.4062051373
1607 957 13.6163076005
1608 958 14.3802397294
1609 959 15.3924474775
1610 960 16.7445316466
1611 961 17.7189062579
1612 962 19.1627154386
1613 963 20.4969056169
1614 964 19.7821010727
1615 965 19.5748440586
1616 966 21.4201340182
1617 967 21.0164940333
1618 968 21.0705921194
1619 969 19.2420895801
1620 970 18.6092576971
1621 971 19.690601399
1622 972 19.1436586539
1623 973 17.5259030646
1624 974 17.9020909654
1625 975 18.6109955329
1626 976 17.6355529588
1627 977 16.7262481077
1628 978 17.8028896367
1629 979 18.0968134624
1630 980 16.8502729139
1631 981 16.8815563605
1632 982 17.9864321574
1633 983 17.7533775367
1634 984 16.6566065093
1635 985 17.2417914074
1636 986 18.4593336419
1637 987 18.1114890603
1638 988 16.7789257565
1639 989 16.405483924
1640 990 17.4779089128
1641 991 17.0981506273
