1 0 0.0755280412591
2 1 0.0736571485128
3 2 0.0734016685531
4 3 0.0761608866072
5 4 0.0738879986918
6 5 0.0769480694454
7 6 0.07274201022
8 7 0.0777676209944
9 8 0.0775781636241
10 9 0.0832676288395
11 10 0.0904810984138
12 11 0.0948130613018
13 12 0.0994056716393
14 13 0.109671831506
15 14 0.110661924059
16 15 0.0987092751593
17 16 0.0931274221143
18 17 0.0869790666889
19 18 0.0795035826934
20 19 0.0791180551674
21 20 0.0709735592804
22 21 0.0741027243707
23 22 0.0688776100271
24 23 0.0696265655562
25 24 0.0656158184809
26 25 0.0666710765789
27 26 0.0700923081222
28 27 0.0724884082559
29 28 0.0773002447311
30 29 0.0818176189943
31 30 0.0844832108918
32 31 0.0935361143366
33 32 0.0932697278741
34 33 0.10318700322
35 34 0.102805482124
36 35 0.112756082716
37 36 0.115179862806
38 37 0.125584229256
39 38 0.130393007504
40 39 0.131436796135
41 40 0.138485879051
42 41 0.144225489403
43 42 0.143337855242
44 43 0.144053663289
45 44 0.134736288599
46 45 0.128450121448
47 46 0.120708480231
48 47 0.12337265131
49 48 0.117224006448
50 49 0.104846998487
51 50 0.102882821896
52 51 0.093123628237
53 52 0.0873465734197
54 53 0.0771741389383
55 54 0.0744390059535
56 55 0.0688591435088
57 56 0.0686847070156
58 57 0.0652134954693
59 58 0.0619884163278
60 59 0.0668956737611
61 60 0.0650433723201
62 61 0.0726222852293
63 62 0.0764632949174
64 63 0.0868915329692
65 64 0.089513543344
66 65 0.0996192166445
67 66 0.106898254119
68 67 0.114119167556
69 68 0.124850125718
70 69 0.129555719579
71 70 3.99646548834
72 71 5.80424318281
73 72 6.93292967979
74 73 5.82263493693
75 74 4.17706660897
76 75 3.66083152469
77 76 4.87292873893
78 77 4.6229840306
79 78 2.92929413941
80 79 0.136621425508
81 80 0.125416239125
82 81 0.125030319759
83 82 0.119080506926
84 83 0.116492123369
85 84 0.114496159794
86 85 0.104482318509
87 86 0.105894872585
88 87 0.097706017318
89 88 0.100509277954
90 89 0.0916599967457
91 90 0.0971181196602
92 91 0.103585790055
93 92 0.0980097060366
94 93 0.102147988088
95 94 0.0966879135544
96 95 0.102679592804
97 96 0.100712952292
98 97 0.107797376228
99 98 0.101754153186
100 99 0.104617860644
101 100 0.107042980831
102 101 0.104645987312
103 102 0.113330580063
104 103 0.104847597572
105 104 0.105286175563
106 105 0.0943137768091
107 106 0.0914280001208
108 107 0.0959825588814
109 108 0.0889670353932
110 109 0.0934186925001
111 110 0.0887806473418
112 111 0.0923694881994
113 112 0.0892400066642
114 113 0.0844644019604
115 114 0.0814237636882
116 115 0.0881753381546
117 116 0.0975826354491
118 117 0.103568589734
119 118 0.115367950633
120 119 0.120377567483
121 120 0.113454041174
122 121 0.115023387083
123 122 0.108703142493
124 123 0.106649637967
125 124 0.10406109104
126 125 0.102602932248
127 126 0.103355851092
128 127 0.0961918735074
129 128 0.101111174132
130 129 0.0929522977839
131 130 0.0917315809476
132 131 0.0824022009696
133 132 0.0759892626782
134 133 0.0776789183977
135 134 0.0856981770604
136 135 0.0963982102825
137 136 0.106112139987
138 137 0.11819157684
139 138 0.122971671845
140 139 0.130696348435
141 140 0.125447274848
142 141 0.130535840393
143 142 0.125690081488
144 143 0.128180750186
145 144 0.124800377238
146 145 0.126254403966
147 146 0.125882353308
148 147 0.121211816915
149 148 0.131200177397
150 149 0.130687448237
151 150 0.138634094685
152 151 0.137718453836
153 152 0.140876103394
154 153 0.138821319645
155 154 0.139166532774
156 155 0.138024517898
157 156 0.140132815492
158 157 0.134307904738
159 158 0.130951365481
160 159 0.121476165075
161 160 0.128353078099
162 161 0.12743506689
163 162 0.12084242668
164 163 0.110267717171
165 164 0.105193911821
166 165 0.106184289547
167 166 0.114362862549
168 167 0.114547048675
169 168 0.119325463088
170 169 0.120454113978
171 170 0.124209394804
172 171 0.126501795966
173 172 0.123404478722
174 173 0.131839202799
175 174 0.128687693934
176 175 0.135300595038
177 176 0.129791500505
178 177 0.126086152003
179 178 0.114882925245
180 179 0.108733069286
181 180 0.105647671561
182 181 0.110759487104
183 182 0.110136693862
184 183 0.111203658731
185 184 0.11452846118
186 185 0.115602121627
187 186 0.117330943872
188 187 0.119952064582
189 188 0.131933471368
190 189 0.128393478636
191 190 0.122426259358
192 191 0.128179915709
193 192 0.123008137815
194 193 0.111424761948
195 194 0.110956620575
196 195 0.102470478548
197 196 0.101399768097
198 197 0.0952069555305
199 198 0.0966311851495
200 199 0.095806434841
201 200 0.0966324057107
202 201 0.103953398707
203 202 0.100700382805
204 203 0.100162523104
205 204 0.0887916877204
206 205 0.0819810609816
207 206 0.0728857344201
208 207 0.0636880831105
209 208 0.0582141773901
210 209 0.0504576579144
211 210 0.0467457087286
212 211 0.0432786813359
213 212 0.0392964089815
214 213 0.0421557218249
215 214 0.0402419156019
216 215 0.047351516189
217 216 0.0489559371193
218 217 0.0509615086998
219 218 0.0478155234812
220 219 0.0575394288143
221 220 0.0669286215216
222 221 0.0742523206712
223 222 0.0849323708425
224 223 0.0896152237295
225 224 0.08193084893
226 225 0.0884225107364
227 226 0.079445469172
228 227 0.0746158207121
229 228 0.0650787064016
230 229 0.0582782483
231 230 0.0501066024744
232 231 0.0429931098925
233 232 0.0409942440765
234 233 0.0363489364711
235 234 0.0391147687114
236 235 0.0437382209177
237 236 0.0493846428513
238 237 0.0529199759214
239 238 0.0558079907345
240 239 0.0502349423481
241 240 0.0500628937033
242 241 0.0453591499552
243 242 0.0438398427655
244 243 0.0434538398756
245 244 0.0449112095286
246 245 0.0485296904482
247 246 0.0511431792553
248 247 0.0604550807726
249 248 0.0621480013354
250 249 0.0721557819867
251 250 0.0749541825456
252 251 0.0828310625932
253 252 0.0872151337856
254 253 0.088965711961
255 254 0.0960429669701
256 255 0.0961752667522
257 256 0.0997107367891
258 257 0.103924740157
259 258 0.0967846584421
260 259 0.0988653170176
261 260 0.0930298734325
262 261 0.0911230971828
263 262 0.0926977769283
264 263 0.0911742303317
265 264 0.0806672751279
266 265 0.0766763004084
267 266 0.0678149317663
268 267 0.0612634615107
269 268 0.0536109590486
270 269 0.0485604925566
271 270 0.0425575415732
272 271 0.0424110995293
273 272 0.0406458198123
274 273 0.0385174805306
275 274 0.038710245717
276 275 0.0440849146206
277 276 0.0506068645399
278 277 0.0567126011237
279 278 0.064303535544
280 279 0.0720738255255
281 280 0.0806185569231
282 281 0.0874350497504
283 282 0.0961161485035
284 283 0.0923891602165
285 284 0.0905655943002
286 285 0.100832412193
287 286 0.106494792946
288 287 0.103364895182
289 288 0.109895624145
290 289 3.08336569131
291 290 3.36102306074
292 291 3.12322890121
293 292 0.116071272148
294 293 0.104226794131
295 294 0.102210643056
296 295 0.105708184836
297 296 0.094940677966
298 297 0.0886287879897
299 298 0.0855811342988
300 299 0.0861899478379
301 300 0.0768660710626
302 301 0.0729244951212
303 302 0.0696719309742
304 303 0.0631460425098
305 304 0.0656190150636
306 305 0.0570912449592
307 306 0.0588762633773
308 307 0.051001587519
309 308 0.0533632171469
310 309 0.0498680596741
311 310 0.0499461486151
312 311 0.0548604073946
313 312 0.0594472201369
314 313 0.0623017196922
315 314 0.0602519781521
316 315 0.0602696789601
317 316 0.0580239833393
318 317 0.0614935261219
319 318 0.0565814952461
320 319 0.0591568535819
321 320 0.0554913073765
322 321 0.0650627041778
323 322 0.0669089971162
324 323 0.0617417035549
325 324 0.0673492979889
326 325 0.074592868451
327 326 0.0744768247701
328 327 0.0802914370152
329 328 0.0709572799856
330 329 0.0609542045645
331 330 0.0569437281898
332 331 0.058002304024
333 332 0.0561473049722
334 333 0.0547392782951
335 334 0.0543653457449
336 335 0.0550100653541
337 336 0.0468483893151
338 337 0.0483809821554
339 338 0.0523613437025
340 339 0.0606881484543
341 340 0.05944395552
342 341 0.0558309049451
343 342 0.0552764734232
344 343 0.0611782899219
345 344 0.0602904913004
346 345 0.0536535473246
347 346 0.051889786862
348 347 0.0505054682169
349 348 0.0464059743203
350 349 0.046990647188
351 350 0.0428999166495
352 351 0.0462125600371
353 352 0.0434228541962
354 353 0.0458527953044
355 354 0.0451400034865
356 355 0.0470280170975
357 356 0.0554577211539
358 357 0.0525394445554
359 358 0.0500148774562
360 359 0.039696598514
361 360 0.0367701457611
362 361 0.0414935513681
363 362 0.0432548096015
364 363 0.0507198153635
365 364 0.0534342212296
366 365 0.0590516431552
367 366 0.0591412414737
368 367 0.0651343836714
369 368 0.0687318607125
370 369 0.0800565138103
371 370 0.0874057884902
372 371 0.0814175323632
373 372 0.0861747240457
374 373 0.0799520322722
375 374 0.0699970541544
376 375 0.0642098353745
377 376 0.0559432048341
378 377 0.0527413394196
379 378 0.0457663661862
380 379 0.0412578673676
381 380 0.0352393458056
382 381 0.0322412938952
383 382 0.0367642975223
384 383 0.0382174568686
385 384 0.0439680390206
386 385 0.0450173557977
387 386 0.0501417097947
388 387 0.0514838442718
389 388 0.057987951391
390 389 0.061094038803
391 390 0.0635342025112
392 391 0.0702232134972
393 392 0.0678444029923
394 393 0.075812754451
395 394 0.0768252322712
396 395 0.0828399251781
397 396 0.0806080770382
398 397 0.0731939980855
399 398 0.0769028019379
400 399 0.0703143849771
401 400 0.0730433600467
402 401 0.0662667492311
403 402 0.0672066550249
404 403 0.0648736111629
405 404 0.0716768611108
406 405 0.0697617241261
407 406 0.0795763525178
408 407 0.0814308542248
409 408 0.0797757854047
410 409 0.088127469639
411 410 0.089831260663
412 411 0.0916148078967
413 412 0.0807002750229
414 413 0.0748372010212
415 414 0.0698186982835
416 415 0.071928143185
417 416 0.0703925012542
418 417 0.0741524720031
419 418 0.0706226795388
420 419 0.0735851216842
421 420 0.0664633477576
422 421 0.0704610661481
423 422 0.0662411692847
424 423 0.0624456924706
425 424 0.0691803275097
426 425 0.066080724867
427 426 0.0692777098971
428 427 0.0753178728849
429 428 0.0719839482477
430 429 0.065621440337
431 430 0.0618596268512
432 431 0.0583496658179
433 432 0.0552644937052
434 433 0.0533386098761
435 434 0.049652290694
436 435 0.0464973744811
437 436 0.0436075350753
438 437 0.0405880447982
439 438 0.0415756627882
440 439 0.038984326679
441 440 0.0370224271631
442 441 0.033800960909
443 442 0.0356031659333
444 443 0.0374061644269
445 444 0.0421558205975
446 445 0.0466721203981
447 446 0.0427648199826
448 447 0.0427938520065
449 448 0.0398367942411
450 449 0.0423347047004
451 450 0.0428336033898
452 451 0.0452898395092
453 452 0.0485537457679
454 453 0.0498137706521
455 454 0.0530332858096
456 455 0.0540343144382
457 456 0.0569954046522
458 457 0.059177147997
459 458 0.060212707344
460 459 0.0626276368889
461 460 0.0633138829741
462 461 0.0609486060179
463 462 0.0646493573368
464 463 0.0668436017705
465 464 0.0637990796254
466 465 0.0613013850107
467 466 0.0578891328672
468 467 0.0566434962675
469 468 0.0546588484217
470 469 0.0518153429611
471 470 0.0531804555001
472 471 0.050799357983
473 472 0.05506039987
474 473 0.0556038150955
475 474 0.0624648072448
476 475 0.06822584045
477 476 0.0687549642744
478 477 0.0638332153333
479 478 0.0584930977128
480 479 0.0557871153117
481 480 0.0555189582852
482 481 0.0530927214302
483 482 0.0527786323833
484 483 0.0513772187942
485 484 0.0538823818831
486 485 0.0560510811884
487 486 0.0594092559651
488 487 0.0617609814296
489 488 0.0602279936322
490 489 0.0569365483948
491 490 0.0541372623104
492 491 0.0518176416713
493 492 0.0507178531107
494 493 0.0476065297571
495 494 0.045520356302
496 495 0.0453900110138
497 496 0.0431834532647
498 497 0.0448779298533
499 498 0.0424536742222
500 499 0.0478509556277
501 500 0.0501527932427
502 501 0.0533204563925
503 502 0.0461982357048
504 503 0.0456169047239
505 504 0.0446907467205
506 505 0.0441067835109
507 506 0.0458858780106
508 507 0.0485159424863
509 508 0.047787694866
510 509 0.0522680594333
511 510 0.0533243553612
512 511 0.0562866896751
513 512 0.0587767048887
514 513 0.0617080629368
515 514 0.0643470689036
516 515 0.0677609288343
517 516 0.0673409861469
518 517 0.0691127640551
519 518 0.0738012359678
520 519 0.0737546772236
521 520 0.0731544952102
522 521 0.0705013521478
523 522 0.0661129830752
524 523 0.063174349574
525 524 0.0589227525224
526 525 0.0565633371052
527 526 0.0530536721351
528 527 0.0515616151849
529 528 0.0465261482805
530 529 0.0446770735493
531 530 0.0396194031526
532 531 0.0379793727727
533 532 0.0391904390481
534 533 0.0379394397888
535 534 0.0406444502468
536 535 0.0447262567062
537 536 0.0535357775977
538 537 0.0571521463137
539 538 0.0627314259919
540 539 0.0627496976493
541 540 0.0677271523643
542 541 0.0661085112728
543 542 0.0709333340221
544 543 0.0714160798015
545 544 0.0785452186399
546 545 0.089834563286
547 546 0.092497967398
548 547 0.0895321311822
549 548 0.0872033060692
550 549 0.0844570418729
551 550 0.0755608728613
552 551 0.0726314182538
553 552 0.0816213834884
554 553 0.085379274075
555 554 0.0879207264462
556 555 0.0991173067695
557 556 0.0990959435491
558 557 0.104400259369
559 558 0.0968483710332
560 559 0.0976137435092
561 560 0.0896805268188
562 561 0.0872551595025
563 562 0.0840878564505
564 563 0.0795198610756
565 564 0.0792729241626
566 565 0.0821155078415
567 566 0.0938286318219
568 567 0.101025826342
569 568 0.0945532149557
570 569 0.0995588966711
571 570 0.0927710449914
572 571 0.0939656277318
573 572 0.0889707339191
574 573 0.0863856681106
575 574 0.0809113530434
576 575 0.076102635333
577 576 0.0710716002997
578 577 0.0607992854231
579 578 0.0627076962105
580 579 0.0694843165229
581 580 0.0615108842148
582 581 0.0579509141396
583 582 0.0683480584527
584 583 0.0701434526646
585 584 0.0628261031457
586 585 0.0697377672477
587 586 0.0755099067968
588 587 0.0695337575073
589 588 0.0697857461253
590 589 0.0598728917503
591 590 0.0570680316664
592 591 0.0513813147116
593 592 0.0611443179882
594 593 0.0647635962893
595 594 0.0565814045726
596 595 0.0601059510814
597 596 0.0707891663679
598 597 0.0674686453536
599 598 0.061732850632
600 599 0.071297865189
601 600 0.0764600855331
602 601 0.0697068886513
603 602 0.074939568665
604 603 0.0663264050118
605 604 0.0690751354866
606 605 0.0613221971981
607 606 0.0521840874419
608 607 0.0526637622155
609 608 0.0549548742729
610 609 0.0628996267241
611 610 0.0696882547903
612 611 0.0680003178103
613 612 0.0646891875486
614 613 0.0725997004082
615 614 0.0707307939286
616 615 0.0618086171992
617 616 0.0654963835058
618 617 0.0739015050494
619 618 0.0690574324369
620 619 0.0624314383396
621 620 0.070046193406
622 621 0.0708652856171
623 622 0.0774509695545
624 623 0.0740683351348
625 624 0.0812626807585
626 625 0.0790711602739
627 626 0.084054887643
628 627 0.0816389337973
629 628 0.0872023007858
630 629 0.0790454922501
631 630 0.0831522610889
632 631 0.0822391148505
633 632 0.0906931437814
634 633 0.0993543609187
635 634 0.0974845931674
636 635 0.108775158413
637 636 0.104414280439
638 637 0.099491799449
639 638 0.094693523099
640 639 0.0859621289574
641 640 0.0910434230094
642 641 0.094862950389
643 642 3.92660107384
644 643 4.80531006257
645 644 5.83100417359
