727 0 5.0873364321
728 1 4.65652470199
729 2 2.2453474821
730 3 0.105195481652
731 4 0.108042133474
732 5 0.108133367904
733 6 0.103420492925
734 7 0.107773575909
735 8 0.11165099474
736 9 0.109681489698
737 10 0.119974049025
738 11 0.118974220159
739 12 0.109169005261
740 13 0.110786311217
741 14 0.102775746112
742 15 0.0971458537347
743 16 0.102431373666
744 17 0.100901424654
745 18 0.0916157376301
746 19 0.0935977997662
747 20 0.0857391618297
748 21 0.0881155988278
749 22 0.0949842769643
750 23 0.0977440285293
751 24 0.100662597253
752 25 0.105217383071
753 26 0.107825846108
754 27 0.107711093618
755 28 0.108657660617
756 29 0.101740481918
757 30 0.1111001638
758 31 0.110365908118
759 32 0.110890436916
760 33 0.0994031322589
761 34 0.0951530530253
762 35 0.0858063459274
763 36 0.084625225562
764 37 0.0841755527961
765 38 0.0930436509726
766 39 0.0940582309388
767 40 0.100056698822
768 41 0.102679562485
769 42 0.104983829887
770 43 0.108957877724
771 44 0.103901908129
772 45 0.104815059668
773 46 0.093366717693
774 47 0.0937390099671
775 48 0.0904881235955
776 49 0.0799998025541
777 50 0.0713281584857
778 51 0.0642953657084
779 52 0.0618756563699
780 53 0.0681945567404
781 54 0.0650961556944
782 55 0.0713460026465
783 56 0.0707404144338
784 57 0.0759231508323
785 58 0.078160597081
786 59 0.0821510320506
787 60 0.0882349378638
788 61 0.0891128876064
789 62 0.0936444173426
790 63 0.0836967859373
791 64 0.0739376318044
792 65 0.0779041595174
793 66 0.0758963138094
794 67 0.0676696375238
795 68 0.0648662909298
796 69 0.061237774988
797 70 0.0537691552925
798 71 0.0573107906329
799 72 0.0611435342556
800 73 0.0601628356576
801 74 0.0670820640703
802 75 0.0639449384361
803 76 0.0716331084057
804 77 0.0695275871814
805 78 3.20810949562
806 79 2.89137618619
807 80 3.11634382404
808 81 2.92948744273
809 82 2.65003335199
810 83 2.61229439099
811 84 2.56423588045
812 85 2.47852821966
813 86 2.52129261525
814 87 2.69462691543
815 88 2.99224661848
816 89 3.03558378175
817 90 2.97501945434
818 91 3.29161752637
819 92 3.5154573055
820 93 3.5667535085
821 94 3.29254084466
822 95 3.11535546102
823 96 2.77659083178
824 97 2.5792797326
825 98 2.3766619542
826 99 2.32346386755
827 100 2.37661283093
828 101 2.28588102771
829 102 2.28951087683
830 103 2.42012023753
831 104 2.57810879923
832 105 3.0000523185
833 106 3.15599553652
834 107 3.23284164432
835 108 2.88507744371
836 109 2.69828420582
837 110 2.31821516408
838 111 2.49336729315
839 112 2.68429389555
840 113 2.89256653264
841 114 3.21534703852
842 115 3.00155927745
843 116 3.3597500425
844 117 3.34564432177
845 118 3.77359561291
846 119 4.0384342203
847 120 3.96212626655
848 121 4.28594073844
849 122 3.88563185214
850 123 3.50023613794
851 124 3.6382229048
852 125 3.48332088106
853 126 3.79977403949
854 127 3.98603312568
855 128 4.56172336788
856 129 5.06418100391
857 130 5.32022329886
858 131 4.79911637569
859 132 4.26228211322
860 133 3.7430315371
861 134 3.57537488273
862 135 3.23653948688
863 136 3.18788943035
864 137 2.60717558058
865 138 2.29218983363
866 139 2.06806358355
867 140 2.08612552761
868 141 2.41299800952
869 142 2.63832827169
870 143 2.29312798107
871 144 2.14966968643
872 145 2.0436622895
873 146 2.17980082797
874 147 2.32775551058
875 148 2.46644216358
876 149 2.63911083295
877 150 2.8053173567
878 151 2.936553809
879 152 3.16377028961
880 153 3.29069036789
881 154 3.78402740546
882 155 4.00944244994
883 156 3.95412322382
884 157 4.00193011503
885 158 3.84473104011
886 159 3.6490924085
887 160 3.49660408516
888 161 3.14067485613
889 162 3.33090263373
890 163 3.19526923602
891 164 3.38898545522
892 165 3.16609758498
893 166 3.41087357036
894 167 3.23580234846
895 168 3.44095474796
896 169 3.73709248268
897 170 3.82663434616
898 171 4.26560870916
899 172 3.81644611258
900 173 3.75017627841
901 174 3.53869481541
902 175 3.5786148465
903 176 3.31522443778
904 177 3.55649539557
905 178 3.24327169144
906 179 3.32962069162
907 180 3.09171637058
908 181 3.36993497033
909 182 3.39925042864
910 183 3.6627151325
911 184 5.11120986498
912 185 5.08258298508
913 186 16.7528783417
914 187 14.2536033001
915 188 11.5560364987
916 189 10.2165014543
917 190 7.89399426281
918 191 7.13062778843
919 192 6.5901826088
920 193 6.56622335236
921 194 7.33200117108
922 195 8.28756544176
923 196 9.10444886783
924 197 10.0440686922
925 198 10.0661254925
926 199 11.5419449466
927 200 12.465187484
928 201 13.7885994076
929 202 13.3492813509
930 203 12.8799578859
931 204 11.9087073509
932 205 12.8329541415
933 206 13.753228543
934 207 12.5293353196
935 208 12.0933251246
936 209 10.9894665728
937 210 10.1001790885
938 211 9.4307806336
939 212 8.96836366201
940 213 8.12537433585
941 214 7.64469819231
942 215 7.33403408188
943 216 8.52163739035
944 217 10.8837945553
945 218 12.5179826041
946 219 15.2376779769
947 220 16.7401010089
948 221 15.3816307446
949 222 17.4673823597
950 223 17.2271172298
951 224 15.2848815152
952 225 13.3291307639
953 226 10.7206570981
954 227 9.08443644222
955 228 7.25293032721
956 229 5.86988871036
957 230 6.14508245552
958 231 6.65769467708
959 232 7.31365383502
960 233 7.75513420508
961 234 8.40184420895
962 235 5.69183043271
963 236 5.81269219831
964 237 3.86345827636
965 238 4.37969702758
966 239 3.95469426475
967 240 4.25251757729
968 241 3.70689863041
969 242 4.41863482624
970 243 4.38106503674
971 244 4.99310423162
972 245 4.60517103045
973 246 5.04832484973
974 247 5.65565571044
975 248 5.41438690206
976 249 6.27491700705
977 250 6.03941364876
978 251 5.3455012707
979 252 5.82280566615
980 253 5.73177783793
981 254 4.87357666854
982 255 4.92984393818
983 256 5.03583541586
984 257 5.14225303398
985 258 4.74578857321
986 259 5.20746901882
987 260 5.43700552723
988 261 5.00104444818
989 262 4.20494475738
990 263 4.4857813185
991 264 5.03946434891
992 265 4.55433145421
993 266 4.04139143602
994 267 4.47996976884
995 268 4.56865347333
996 269 3.9444920795
997 270 3.73133058139
998 271 4.03538684573
999 272 3.9829004658
1000 273 3.32973502915
1001 274 3.24483059005
1002 275 3.82026739035
1003 276 3.65558826553
1004 277 3.02874503513
1005 278 3.31620602931
1006 279 3.92409507256
1007 280 3.54981424094
1008 281 3.14705091079
1009 282 3.82142212441
1010 283 4.24092222669
1011 284 4.97040432146
1012 285 5.14148949665
1013 286 5.98606185006
1014 287 6.23145368834
1015 288 5.9379326287
1016 289 6.3866988163
1017 290 6.09884648824
1018 291 6.49036445021
1019 292 5.91480664354
1020 293 5.12376351118
1021 294 5.45853696603
1022 295 5.54817265488
1023 296 4.74544209657
1024 297 4.44086316885
1025 298 4.87657216096
1026 299 4.56453414293
1027 300 3.84429448141
1028 301 4.04426607864
1029 302 4.42026254876
1030 303 4.01205343217
1031 304 3.50147323429
1032 305 4.00678299309
1033 306 4.2008713689
1034 307 3.55451302507
1035 308 3.57781627405
1036 309 3.95723591869
1037 310 3.64704389521
1038 311 3.43688322848
1039 312 3.67154879509
1040 313 4.26784190832
1041 314 4.18360158258
1042 315 3.75706383434
1043 316 3.33542490844
1044 317 3.22764401369
1045 318 3.74722379996
1046 319 4.39446895917
1047 320 4.4213219517
1048 321 4.04808886579
1049 322 4.34213521252
1050 323 4.39622307858
1051 324 4.31933600611
1052 325 3.84276530298
1053 326 3.95799097778
1054 327 3.98486929915
1055 328 3.83936055091
1056 329 3.47598105597
1057 330 3.03230354442
1058 331 3.04953178348
1059 332 2.9925893981
1060 333 2.66678127958
1061 334 2.40040863311
1062 335 2.40829794954
1063 336 2.54011088543
1064 337 2.38062078811
1065 338 2.14361200047
1066 339 2.21551104558
1067 340 2.63574859683
1068 341 2.83108729706
1069 342 3.07631730341
1070 343 3.32877871307
1071 344 3.6166881391
1072 345 3.9510510202
1073 346 3.42484405153
1074 347 4.11503553483
1075 348 4.3094381364
1076 349 4.69464816956
1077 350 3.76688449153
1078 351 3.19344448324
1079 352 3.773005865
1080 353 4.01724166754
1081 354 3.31706184329
1082 355 3.46718928203
1083 356 4.30133867368
1084 357 4.13393015465
1085 358 3.98712686613
1086 359 4.63093375374
1087 360 5.27088091811
1088 361 5.04627524127
1089 362 4.86883817029
1090 363 5.35264816461
1091 364 6.27098550528
1092 365 6.93439933739
1093 366 6.95784408047
1094 367 5.96486182156
1095 368 5.78346478245
1096 369 5.11691677814
1097 370 5.44453936511
1098 371 5.08863445791
1099 372 5.25843983524
1100 373 4.86613331459
1101 374 5.0146976516
1102 375 4.69498243094
1103 376 5.25634577893
1104 377 5.25379750287
1105 378 5.39318691381
1106 379 5.38880680698
1107 380 4.68413821016
1108 381 4.50424620296
1109 382 4.82221968354
1110 383 5.27525547012
1111 384 5.24038682968
1112 385 5.75570726091
1113 386 6.37298669755
1114 387 6.72457597293
1115 388 6.98942343192
1116 389 6.67398144257
1117 390 5.98279822257
1118 391 6.16019100366
1119 392 5.78708939438
1120 393 5.19252721888
1121 394 4.78408523976
1122 395 4.84736677873
1123 396 4.4437936115
1124 397 3.84499087927
1125 398 3.6673007473
1126 399 3.73723327695
1127 400 3.09962191111
1128 401 2.71911377266
1129 402 3.07229294607
1130 403 2.9350228776
1131 404 2.27288636649
1132 405 2.68506685415
1133 406 3.20369425029
1134 407 3.34008560666
1135 408 3.54421830188
1136 409 4.03586361271
1137 410 4.54063288528
1138 411 5.39005589694
1139 412 5.29113916938
1140 413 5.06809803593
1141 414 5.72120153153
1142 415 5.57605417016
1143 416 4.70800587363
1144 417 5.12440569363
1145 418 5.79488249472
1146 419 5.16495799964
1147 420 4.62051617506
1148 421 5.4545216382
1149 422 5.91750697329
1150 423 5.33432404368
1151 424 5.36187669759
1152 425 6.3641249369
1153 426 6.48855923784
1154 427 5.94913553909
1155 428 6.33740145597
1156 429 7.29122366007
1157 430 7.17513651807
1158 431 6.66982438391
1159 432 7.51554798417
1160 433 7.84788915458
1161 434 7.17909410884
1162 435 7.52615717469
1163 436 6.82509473796
1164 437 6.24611831127
1165 438 5.57952637025
1166 439 5.66577916424
1167 440 5.69478399003
1168 441 4.86417954787
1169 442 4.40543237209
1170 443 4.79752232534
1171 444 4.69333013252
1172 445 3.81221483782
1173 446 3.93577448977
1174 447 4.49489297578
1175 448 3.98850598436
1176 449 3.40787999453
1177 450 4.14407448371
1178 451 4.40781939318
1179 452 5.15399196754
1180 453 5.17318018487
1181 454 5.80305648366
1182 455 6.72288747339
1183 456 7.20263925517
1184 457 6.47397045706
1185 458 5.81639441221
1186 459 6.50202005704
1187 460 6.67256958659
1188 461 5.75186494988
1189 462 5.76662514528
1190 463 6.68893549485
1191 464 6.5303723041
1192 465 6.21314195228
1193 466 6.9331280506
1194 467 6.98289388528
1195 468 6.12859608435
1196 469 5.70046238305
1197 470 5.74853497562
1198 471 5.73843768812
1199 472 6.36604207849
1200 473 6.88581141379
1201 474 7.64392209593
1202 475 7.21130217027
1203 476 6.68078371242
1204 477 6.31423169222
1205 478 5.53082963847
1206 479 5.45272615425
1207 480 5.60788353005
1208 481 5.01296101753
1209 482 4.45853908512
1210 483 4.7425229554
1211 484 4.636002899
1212 485 3.84664992068
1213 486 3.72461485151
1214 487 4.13249841987
1215 488 3.61018585672
1216 489 3.02127787459
1217 490 3.50895484113
1218 491 3.57571496966
1219 492 2.7919311347
1220 493 2.90433899015
1221 494 3.54108093994
1222 495 3.1167941605
1223 496 3.72492853847
1224 497 3.44841760052
1225 498 4.26248513889
1226 499 4.6016358765
1227 500 4.04284001965
1228 501 4.44997879553
1229 502 5.21550674719
1230 503 4.81280712182
1231 504 4.45675996874
1232 505 5.30294522438
1233 506 5.61789926998
1234 507 5.03373078464
1235 508 5.35003785367
1236 509 6.22073196693
1237 510 6.06897012767
1238 511 6.04131543763
1239 512 5.50142303521
1240 513 5.28155703283
1241 514 4.89121447165
1242 515 5.23277679926
1243 516 5.72120746287
1244 517 5.86160779042
1245 518 5.25774741299
1246 519 4.8825249677
1247 520 4.2508615835
1248 521 3.96469450823
1249 522 4.30806003031
1250 523 4.06712395842
1251 524 3.37800814289
1252 525 3.33419367907
1253 526 3.74475565911
1254 527 3.36356194439
1255 528 2.72055828177
1256 529 2.92689268606
1257 530 3.2565681661
1258 531 2.80405244362
1259 532 2.32287226804
1260 533 2.77911465532
1261 534 2.91125807687
1262 535 2.32392841327
1263 536 2.11593214137
1264 537 2.45228750359
1265 538 2.50333057516
1266 539 3.05866747426
1267 540 3.13263155517
1268 541 5.88702061601
1269 542 7.09767602316
1270 543 14.1320672133
1271 544 15.1032677042
1272 545 12.8098476291
1273 546 11.6917209294
1274 547 9.57732836857
1275 548 8.48510913015
1276 549 7.76298138577
1277 550 9.04965143317
1278 551 8.31137979604
1279 552 9.48643124861
1280 553 8.22407658529
1281 554 8.94145226988
1282 555 10.9985541969
1283 556 9.9813334908
1284 557 8.86450727231
1285 558 7.65158696746
1286 559 8.4925933475
1287 560 8.95274867593
1288 561 11.2102675151
1289 562 11.5245884711
1290 563 13.8946093588
1291 564 14.469058321
1292 565 15.3586264174
1293 566 13.2957974615
1294 567 11.5361067903
1295 568 9.93545572038
1296 569 9.79418215077
1297 570 8.32993279584
1298 571 7.76646235812
1299 572 6.88589957394
1300 573 6.39784202512
1301 574 6.4947124433
1302 575 6.11558023058
1303 576 7.2178346377
1304 577 6.60344596421
1305 578 6.50329400073
1306 579 5.95731471308
1307 580 7.06309618265
1308 581 8.35101824436
1309 582 9.07791082177
1310 583 9.06073585853
1311 584 9.90801501149
1312 585 10.9037700742
1313 586 12.787430995
1314 587 14.3662300546
1315 588 14.590489474
1316 589 13.0471095903
1317 590 11.5051465421
1318 591 9.89643068466
1319 592 8.8935288899
1320 593 8.1705304475
1321 594 7.9090989488
1322 595 6.74047501602
1323 596 5.99852856786
1324 597 6.08878601112
1325 598 7.69145514187
1326 599 10.2866953957
1327 600 13.0565393871
1328 601 14.5460057114
1329 602 17.7840934122
1330 603 5.40027835003
1331 604 5.60366879833
1332 605 4.53803557777
1333 606 4.53158012623
1334 607 4.35147848452
1335 608 4.478359346
1336 609 4.46981144651
1337 610 4.66955606698
1338 611 4.82550360938
1339 612 4.46812643842
1340 613 4.31050292347
1341 614 4.23454513323
1342 615 4.36918377728
1343 616 4.51033928952
1344 617 4.55666519887
1345 618 4.27117137706
1346 619 4.01464069888
1347 620 3.9174226464
1348 621 3.93811878309
1349 622 3.96897930986
1350 623 6.76652503911
1351 624 6.45272562876
1352 625 7.58097341866
1353 626 6.98748484152
1354 627 7.05889653135
1355 628 7.09750902794
1356 629 7.359492854
1357 630 8.56524970228
1358 631 6.2063816782
1359 632 4.54672033134
1360 633 4.32010598493
1361 634 4.1949095741
1362 635 4.1436950719
1363 636 4.37291609713
1364 637 4.55204013518
1365 638 4.52768781887
1366 639 4.4396893222
1367 640 4.39464418
1368 641 4.41070373168
1369 642 4.71627792326
1370 643 5.00678525033
1371 644 5.09960190314
1372 645 5.76592048945
1373 646 6.49096553848
1374 647 6.64718822801
1375 648 6.24599691003
1376 649 5.87990891598
1377 650 6.21416397754
1378 651 5.91770326136
1379 652 5.25950295697
1380 653 4.93790804358
1381 654 4.52178661623
1382 655 4.5521332233
1383 656 4.39280785823
1384 657 4.48453778968
1385 658 4.39946813671
1386 659 4.40874050513
1387 660 4.80720618802
1388 661 4.82929878154
1389 662 4.44334013974
1390 663 4.40288852202
1391 664 4.3733719424
1392 665 4.54269153993
1393 666 4.56391574373
1394 667 4.76115799388
1395 668 4.6475206161
1396 669 4.58178516924
1397 670 4.85291527479
1398 671 4.85882195397
1399 672 4.91065837373
1400 673 5.26991587653
1401 674 5.72006636171
1402 675 5.60711392405
1403 676 6.1240365856
1404 677 5.96452967445
1405 678 5.44644967464
1406 679 5.46921126388
1407 680 5.14531764613
1408 681 5.5178311063
1409 682 5.58968692294
1410 683 5.57948208853
1411 684 5.0045896788
1412 685 4.86549689734
1413 686 5.06465289275
1414 687 5.02850894805
1415 688 4.76733046182
1416 689 4.76122358459
1417 690 5.24422537203
1418 691 5.17413019885
1419 692 4.74246020174
1420 693 4.72790868854
1421 694 4.70497447198
1422 695 4.55404572761
1423 696 4.7031251698
1424 697 4.71986003185
1425 698 5.14484224616
1426 699 5.25858096941
1427 700 5.94079500438
1428 701 5.72898273358
1429 702 5.27321679657
1430 703 5.57420326443
1431 704 5.63672381113
1432 705 5.96436522897
1433 706 5.49510465706
1434 707 4.91225011215
1435 708 4.86882703219
1436 709 4.58188067079
1437 710 4.53240244119
1438 711 4.50498078948
1439 712 4.57864370418
1440 713 4.60920075882
1441 714 4.38584408017
1442 715 4.34401966979
1443 716 4.48044416349
1444 717 4.77609154461
1445 718 5.18343361501
1446 719 5.20974599869
1447 720 5.5413447573
1448 721 5.62000898616
1449 722 5.31772139239
1450 723 4.8824875195
1451 724 4.80347741705
1452 725 4.41107521269
1453 726 4.33732151732
1454 727 4.35202636598
1455 728 4.33094320115
1456 729 4.38966395594
1457 730 4.45976660686
1458 731 4.87182988596
1459 732 5.41118353177
1460 733 5.92743482617
1461 734 6.44443738969
1462 735 6.01553239283
1463 736 5.73149270838
1464 737 5.58572035612
1465 738 5.1455257883
1466 739 4.72675489429
1467 740 4.36259109204
1468 741 4.33230392149
1469 742 4.3224787574
1470 743 4.30183656043
1471 744 4.26506706042
1472 745 4.19222069927
1473 746 4.10421841884
1474 747 4.05071852836
1475 748 5.05289687287
1476 749 5.30175580641
1477 750 5.37871513819
1478 751 4.7433668646
1479 752 4.85410222095
1480 753 4.43914849952
1481 754 4.79094970807
1482 755 5.41472607312
1483 756 6.18426153242
1484 757 6.62320661449
1485 758 7.20189237731
1486 759 7.43541316211
1487 760 6.97521101614
1488 761 6.69074594922
1489 762 6.10668225474
1490 763 5.57661941768
1491 764 4.83238288188
1492 765 4.69031213825
1493 766 4.04240282308
1494 767 4.0011124666
1495 768 4.08829436397
1496 769 4.40320509268
1497 770 4.63932866524
1498 771 4.74444130198
1499 772 4.74741245291
1500 773 4.98777678067
1501 774 5.86993269603
1502 775 7.03423459413
1503 776 5.76571688465
1504 777 6.30377112512
1505 778 6.17600239045
1506 779 6.70330536993
1507 780 7.10430633934
1508 781 7.11857706399
1509 782 6.44779979079
1510 783 6.61449624196
1511 784 7.29737169541
1512 785 6.92567944469
1513 786 6.3210065248
1514 787 6.87978570267
1515 788 7.4980136255
1516 789 6.98737214058
1517 790 7.51094945312
1518 791 6.94525925778
1519 792 7.03583398964
1520 793 7.77270323852
1521 794 7.76467148616
1522 795 7.54739104272
1523 796 7.60814036993
1524 797 7.41659765875
1525 798 7.31809188981
1526 799 7.2769093759
1527 800 7.02973510464
1528 801 7.75555105992
1529 802 7.67537574566
1530 803 7.04379019245
1531 804 7.25073073364
1532 805 6.74458064062
1533 806 6.71189963839
1534 807 6.30205748555
1535 808 5.92478601085
1536 809 6.09951206471
1537 810 6.25152548868
1538 811 6.87614630034
1539 812 6.84417376594
1540 813 7.61394645542
1541 814 7.46593749854
1542 815 8.13455852162
1543 816 8.18756330586
1544 817 8.37521226326
1545 818 8.58833461941
1546 819 8.74194196789
1547 820 8.56936781397
1548 821 8.71699579644
1549 822 9.10587699583
1550 823 8.89563398415
1551 824 9.18311543927
1552 825 9.03137765321
1553 826 9.79164086143
1554 827 9.37241431119
1555 828 9.79478934826
1556 829 9.39124295745
1557 830 9.24516548844
1558 831 9.18084831755
1559 832 8.56035712978
1560 833 8.05187581969
1561 834 7.56133021021
1562 835 6.77299535225
1563 836 6.35659613092
1564 837 5.60681314962
1565 838 5.21859990251
1566 839 5.09793225701
1567 840 4.30649217408
1568 841 4.48580437425
1569 842 4.85879805425
1570 843 4.3626599805
1571 844 4.15023416881
1572 845 4.71430069201
1573 846 4.86038810767
1574 847 5.47435628862
1575 848 5.98174389256
1576 849 6.79490126771
1577 850 7.15198523521
1578 851 6.54137294592
1579 852 6.61837735529
1580 853 6.28035130609
1581 854 6.47438407471
1582 855 6.34036158982
1583 856 6.51616514079
1584 857 6.28260288289
1585 858 6.5438272719
1586 859 7.25859410066
1587 860 6.64258949531
1588 861 6.4319962489
1589 862 7.26698071087
1590 863 7.35254328888
1591 864 7.93359557789
1592 865 8.62542628672
1593 866 9.22981728532
1594 867 9.48736633825
1595 868 8.88820613023
1596 869 8.29361920253
1597 870 7.59788387188
1598 871 6.96111069482
1599 872 6.14675260585
1600 873 5.54125031023
1601 874 5.04102898501
1602 875 4.62029239218
1603 876 5.16095638775
1604 877 5.44625127808
1605 878 5.5249105632
1606 879 5.42645085368
1607 880 5.61387619818
1608 881 5.69889628466
1609 882 6.31284893162
1610 883 6.41189061559
1611 884 6.88945955628
1612 885 7.51691143497
1613 886 7.41026711681
1614 887 6.80421197496
1615 888 7.15959845489
1616 889 7.47777503853
1617 890 6.95340580736
1618 891 7.28953633949
1619 892 6.78754552126
1620 893 6.62968831856
1621 894 7.31859046907
1622 895 7.32193403438
1623 896 6.81670914673
1624 897 7.16039788436
1625 898 7.68030954176
1626 899 7.3188341376
1627 900 7.18790700083
1628 901 7.85565151219
1629 902 8.08524188514
1630 903 7.7266871776
1631 904 8.19678072543
1632 905 8.94245320873
1633 906 8.81277355392
1634 907 8.76002199385
1635 908 9.42524076248
1636 909 10.0631107313
1637 910 9.90987213139
1638 911 9.26564104383
1639 912 8.88646232193
1640 913 9.12631933893
1641 914 9.11327694473
